533950	5060550	5371	4388416
516760	4999824	5371	4388416
668575	5056656	5371	4388416
495350	5056266	5371	4388416
515785	5059770	5371	4388416
546600	5045370	5371	4388416
435660	5077680	5371	4388416
563470	5069892	5371	4388416
533950	5061330	5371	4388416
448310	5002548	5371	4388416
454475	5030574	5371	4388416
397705	5037972	5371	4388416
656570	5062500	5371	4388416
637110	5045370	5371	4388416
581960	4962066	5371	4388416
657870	5007612	5371	4388416
570930	5062500	5371	4388416
665330	5020842	5371	4388416
664035	5038362	5371	4388416
502485	5055882	5371	4388416
461285	5044200	4394	4388416
466150	5069112	4394	4388416
472315	5043036	4394	4388416
589745	5005272	4394	4388416
480100	5047314	4394	4388416
584555	5079234	4394	4388416
431765	4991652	4394	4388416
596235	4995930	4394	4388416
494050	5064054	4394	4388416
830125	5051598	4394	4388416
766865	4976466	4394	4388416
564120	5017728	4394	4388416
475885	5077290	5371	4388904
458040	5073786	5371	4388904
472315	5026296	5371	4388904
519030	5057826	5371	4388904
606940	4985418	5371	4388904
479775	5073786	5371	4388904
495670	5041086	5371	4388904
435335	5070282	5371	4388904
484320	5038752	5371	4388904
586825	5044590	5371	4388904
741240	4989312	5371	4388904
393810	5074176	3417	4388416
537845	5068728	3417	4388416
596885	5060160	3417	4388416
511570	5018118	3417	4388416
718855	5044200	3417	4388416
545955	5076120	3417	4388416
610185	5048874	3417	4388416
511245	4993596	3417	4388416
747080	5026686	3417	4388416
439550	5062110	3417	4388416
494375	5015394	3417	4388660
459340	5043036	4882	4388660
869050	5051598	4882	4388660
549520	5061330	4882	4388660
481725	5019288	4882	4388660
491455	5046534	4882	4388660
544980	5057826	4882	4388660
535250	5009556	4882	4388660
829150	5004882	4882	4388660
483020	4988148	4882	4388660
398030	5064834	4882	4388660
575475	5061720	5371	4388416
505080	4992426	5371	4388416
513840	5042646	5371	4388416
743835	4988148	5371	4388416
558930	5016954	5371	4388416
635485	5085072	5371	4388416
522275	5050038	5371	4388416
518055	5082738	5371	4388416
557305	5098698	5371	4388416
505080	5057436	5371	4388416
728585	5013060	5371	4388416
508970	5069502	5859	4388660
480750	5053152	5859	4388660
485615	5059770	5859	4388660
553090	4997100	5859	4388660
783410	5039532	5859	4388660
473940	5058216	5859	4388660
568335	5067558	5859	4388660
512540	5058216	5859	4388660
514810	5087022	5859	4388660
436630	5034858	5859	4388660
559580	5038752	5371	4388416
393490	5060550	5371	4388416
710095	5044590	5371	4388416
517405	5047314	5371	4388416
519675	5051598	5371	4388416
626080	5032524	5371	4388416
793790	4951554	5371	4388416
609210	5050428	5371	4388416
456420	5033688	5371	4388416
520325	5056266	5371	4388416
561850	5063274	5859	4388416
562500	5050038	5859	4388416
565095	5067168	5859	4388416
496320	5062110	5859	4388416
526490	5058216	5859	4388416
491780	5067558	5859	4388416
498265	5043036	5859	4388416
507025	5059770	5859	4388416
819740	4972572	5859	4388416
515785	5080014	5859	4388416
546600	5054322	5859	4388416
433715	5006832	5371	4388416
484645	5068728	5371	4388416
779515	5040306	5371	4388416
460640	5062110	5371	4388416
489510	5062110	5371	4388416
586505	5063274	5371	4388416
490480	5084298	5371	4388416
639380	5027460	5371	4388416
496645	5032134	5371	4388416
585855	5054322	5371	4388416
822015	5033304	5371	4388416
436310	5060160	5371	4388172
545630	5032134	5371	4388172
469720	5067948	5371	4388172
655925	5062110	5371	4388172
605640	5047704	5371	4388172
519675	5071062	5371	4388172
453825	5032134	5371	4388172
487240	5071842	5371	4388172
685445	5018118	5371	4388172
843425	5046534	5371	4388172
602720	5046534	5371	4388172
524545	5056266	5371	4388172
497295	5036418	4882	4388416
446365	5003328	4882	4388416
1056875	4926642	4882	4388416
727615	4928586	4882	4388416
508970	5032914	4882	4388416
836935	5052378	4882	4388416
480100	5041086	4882	4388416
483670	5060940	4882	4388416
710420	5057436	4882	4388416
488860	5066388	4882	4388416
466150	5007996	3906	4388416
897920	4955448	3906	4388416
535575	5050818	3906	4388416
736695	5042256	3906	4388416
618940	5072616	3906	4388416
502485	5006442	3906	4388416
676035	5032914	3906	4388416
548550	5047314	3906	4388416
635810	5053932	3906	4388416
518055	5072226	3906	4388416
488860	5071062	3906	4388416
1043250	4936764	6347	4388172
467125	4980360	6347	4388172
628675	4901730	6347	4388172
605640	5044980	6347	4388172
621215	5047704	6347	4388172
572230	5048484	6347	4388172
605965	5054322	6347	4388172
507675	5078844	6347	4388172
776920	5065998	6347	4388172
598180	5016954	6347	4388172
397380	5069892	6347	4388172
475235	5097534	4882	4388660
420090	4985808	4882	4388660
708800	5058216	4882	4388660
531355	5007222	4882	4388660
537845	5067948	4882	4388660
919005	4990092	4882	4388660
496320	5051208	4882	4388660
610185	5044590	4882	4388660
774650	5015784	4882	4388660
462585	5041086	4882	4388660
497295	5064054	6835	4388416
570930	4996710	6835	4388416
550170	5067948	6835	4388416
852830	5066388	6835	4388416
541085	5057046	6835	4388416
431440	5059380	6835	4388416
474585	5057826	6835	4388416
621215	5017728	6835	4388416
617320	5048874	6835	4388416
492430	5052378	6835	4388416
520000	5062110	6835	4388416
511570	5049648	5859	4388904
537195	5052378	5859	4388904
475885	5076120	5859	4388904
462260	5069892	5859	4388904
451555	5006442	5859	4388904
496320	5058216	5859	4388904
579040	5057826	5859	4388904
642945	5014230	5859	4388904
526490	5051598	5859	4388904
541085	5048874	5859	4388904
748700	5018508	5859	4388904
632890	5050818	5371	4388904
605965	5012280	5371	4388904
570605	5061720	5371	4388904
508325	5052768	5371	4388904
524545	5045370	5371	4388904
491455	5016954	5371	4388904
569310	5066388	5371	4388904
488860	5063664	5371	4388904
651380	5050038	5371	4388904
419115	5009556	5371	4388904
446365	5047704	5371	4388904
558930	5052378	6347	4388660
577420	5032914	6347	4388660
662410	5027460	6347	4388660
492755	5058606	6347	4388660
591695	5041866	6347	4388660
496970	5055102	6347	4388660
423980	5069112	6347	4388660
497295	4991652	6347	4388660
640675	5007612	6347	4388660
473290	5046534	6347	4388660
464855	5051598	6347	4388416
543685	5054712	5371	4388416
547575	5006052	5371	4388416
576120	5048874	5371	4388416
544330	5006052	5371	4388416
485290	5068338	5371	4388416
523245	5070672	5371	4388416
577095	5065998	5371	4388416
596235	5050428	5371	4388416
531680	5065614	5371	4388416
655600	5003328	5371	4388416
824935	5046534	5371	4388660
486265	5077290	5371	4388660
575150	5018508	5371	4388660
586180	5015394	5371	4388660
479775	5044590	5371	4388660
672465	5073006	5371	4388660
484320	5069112	5371	4388660
513515	5062500	5371	4388660
536545	5071062	5371	4388660
542385	5051598	5371	4388660
490160	5079234	5371	4388660
438905	5071062	5859	4388172
502485	5041866	5859	4388172
645220	5013060	5859	4388172
778870	5033688	5859	4388172
519675	4947270	5859	4388172
633215	4962846	5859	4388172
506055	5034078	5859	4388172
555360	5063274	5859	4388172
542060	5058216	5859	4388172
432090	5066388	5859	4388172
631270	5032134	5859	4388660
511570	5071842	4882	4388660
523895	5065998	4882	4388660
467775	5044590	4882	4388660
438255	5071062	4882	4388660
478805	5061330	4882	4388660
486915	5071062	4882	4388660
605965	5016564	4882	4388660
604345	5055492	4882	4388660
789900	5013450	4882	4388660
458690	5037972	4882	4388660
760380	5060550	3906	4388172
561525	5076900	3906	4388172
545630	5058996	3906	4388172
440525	5007222	3906	4388172
446365	5036802	3906	4388172
501185	5030190	3906	4388172
640350	5065224	3906	4388172
537520	5067948	3906	4388172
458365	5073396	3906	4388172
505080	4947660	3906	4388172
619265	4997490	3906	4388172
513515	5020842	4882	4388172
468750	5061330	4882	4388172
508650	5071062	4882	4388172
573850	5083518	4882	4388172
515460	5045370	4882	4388172
738970	5056656	4882	4388172
609860	5040696	4882	4388172
771410	5065614	4882	4388172
516760	5051208	4882	4388172
477180	5063274	4882	4388172
559900	5075730	4882	4388172
732805	5009556	5371	4388416
371105	5020068	5371	4388416
612130	5032524	5371	4388416
607265	5006442	5371	4388416
632890	5074566	5371	4388416
745130	4993986	5371	4388416
562175	5023182	5371	4388416
630945	5040306	5371	4388416
706530	5055882	5371	4388416
479775	5055492	5371	4388416
600125	5047314	5371	4388416
677335	5002548	5371	4388660
588450	5052768	5371	4388660
654625	5021622	5371	4388660
447985	5042646	5371	4388660
554710	5045370	5371	4388660
495025	5060940	5371	4388660
572880	5028630	5371	4388660
502810	5059380	5371	4388660
554065	5079624	5371	4388660
592990	5052378	5371	4388660
562500	5065224	5371	4388660
489510	5073786	6347	4388660
597210	5052768	6347	4388660
540765	5040306	6347	4388660
672145	5064444	6347	4388660
459665	5043420	6347	4388660
664355	5039142	6347	4388660
470370	5059380	6347	4388660
513190	5080794	6347	4388660
475235	5063274	6347	4388660
532980	5067948	6347	4388660
459015	5078844	6347	4388172
482695	5054322	6347	4388172
630295	5012670	6347	4388172
633215	5058216	6347	4388172
752595	5052768	6347	4388172
631270	4960116	6347	4388172
769785	5027076	6347	4388172
594615	5064054	6347	4388172
634515	5074176	6347	4388172
563795	5080404	6347	4388172
469070	4990872	6347	4388172
516110	5061330	6347	4388172
503780	5057436	4882	4388172
504430	5034078	4882	4388172
650735	5067558	4882	4388172
532005	5057826	4882	4388172
549195	5058216	4882	4388172
476855	5059770	4882	4388172
809685	5044980	4882	4388172
604020	5031354	4882	4388172
603695	5054322	4882	4388172
666305	5050428	4882	4388172
617320	5011890	6347	4388660
496645	5030574	6347	4388660
499890	5065614	6347	4388660
510270	5071062	6347	4388660
486590	5032524	6347	4388660
525515	5051208	6347	4388660
607915	5071062	6347	4388660
439550	5089746	6347	4388660
492105	4984644	6347	4388660
595910	4948050	6347	4388660
667925	5042646	6347	4388660
453175	5073006	4882	4388416
594290	5049648	4882	4388416
654300	5041476	4882	4388416
672465	5046924	4882	4388416
521950	5055102	4882	4388416
556010	5043420	4882	4388416
567690	5048484	4882	4388416
575800	5054712	4882	4388416
417495	5051988	4882	4388416
940095	4958172	4882	4388416
625755	5029800	5371	4388172
478155	5074956	5371	4388172
618620	5046534	5371	4388172
429495	5053932	5371	4388172
461285	5048094	5371	4388172
412305	5039142	5371	4388172
583910	5050428	5371	4388172
787625	5061720	5371	4388172
585530	4967124	5371	4388172
555035	5065224	5371	4388172
578395	5022402	5371	4388172
500215	5027076	5371	4388416
640675	5038752	5371	4388416
499890	4991652	5371	4388416
452530	5039142	5371	4388416
743185	5015004	5371	4388416
622510	5047314	5371	4388416
551145	5039142	5371	4388416
725670	5055492	5371	4388416
514165	5062884	5371	4388416
602400	5045370	5371	4388416
477505	5050818	5371	4388416
628025	5038362	6835	4388660
522275	4947270	6835	4388660
722100	5043036	6835	4388660
585205	5007612	6835	4388660
507350	4958172	6835	4388660
778870	5042256	6835	4388660
497945	5053542	6835	4388660
598505	5078460	6835	4388660
462910	5043420	6835	4388660
422035	5062884	6835	4388660
753565	5024346	6835	4388660
684145	5057436	5371	4388172
689985	5051598	5371	4388172
492430	5044200	5371	4388172
554065	4997490	5371	4388172
608560	5019678	5371	4388172
611155	5059380	5371	4388172
409060	5015004	5371	4388172
661760	5060940	5371	4388172
541735	4959342	5371	4388172
743835	5066778	5371	4388172
481075	5070672	5371	4388172
483020	5077680	5859	4388416
438580	5021232	5859	4388416
517405	5037972	5859	4388416
536545	5050038	5859	4388416
610185	5031744	5859	4388416
623810	5068728	5859	4388416
815525	5022402	5859	4388416
616345	5064834	5859	4388416
490160	5058216	5859	4388416
518705	5071842	5859	4388416
498265	5078844	5859	4388416
572555	5021622	4394	4388172
520975	5060550	4394	4388172
628025	5044980	4394	4388172
580990	4953888	4394	4388172
500540	5051208	4394	4388172
787305	5057046	4394	4388172
542710	5050038	4394	4388172
612455	4999824	4394	4388172
478155	5008386	4394	4388172
577745	5034078	4394	4388172
488860	5066778	4882	4388904
545630	5064834	4882	4388904
523895	5071062	4882	4388904
532980	5055882	4882	4388904
503780	5004108	4882	4388904
604345	5052378	4882	4388904
641650	5018508	4882	4388904
507350	5066778	4882	4388904
612130	5076510	4882	4388904
748050	5047704	4882	4388904
643270	5065998	4882	4388904
511890	5044200	4882	4388172
563470	5062110	4882	4388172
506055	5018508	4882	4388172
678305	5013840	4882	4388172
561525	5088192	4882	4388172
533625	4985808	4882	4388172
605965	5058996	4882	4388172
483345	5048874	4882	4388172
532980	5058606	4882	4388172
515460	5039532	4882	4388172
486590	5049264	4882	4388172
618295	4979970	4882	4388172
977400	5039922	6347	4388172
627375	5034858	6347	4388172
535895	4953888	6347	4388172
569635	5062884	6347	4388172
507025	5042646	6347	4388172
498590	5077290	6347	4388172
508325	5067168	6347	4388172
443445	5009946	6347	4388172
486265	5045760	6347	4388172
556335	5055492	6347	4388172
544005	5050038	5371	4388172
533625	5033688	5371	4388172
708800	5041866	5371	4388172
532330	5087802	5371	4388172
429820	5007996	5371	4388172
715285	5060550	5371	4388172
757785	5027850	5371	4388172
573205	5057046	5371	4388172
760705	5056656	5371	4388172
672145	5049264	5371	4388172
638405	4976856	5371	4388172
431120	5053542	5371	4388660
436310	5013450	4882	4388660
637435	5034858	4882	4388660
583260	5032914	4882	4388660
791195	4970628	4882	4388660
476855	5061330	4882	4388660
551470	5029410	4882	4388660
508650	5054712	4882	4388660
456420	5080404	4882	4388660
649435	5074956	4882	4388660
476855	5069892	4882	4388660
827205	5019288	4882	4388660
485290	5071842	4882	4388416
586180	5061720	4882	4388416
513190	5067948	4882	4388416
568335	5064444	4882	4388416
532655	5029020	4882	4388416
568335	4964400	4882	4388416
653650	5060550	4882	4388416
571580	5023182	4882	4388416
554710	5068728	4882	4388416
448310	5032134	4882	4388416
520650	5055882	4882	4388172
701985	5051598	5371	4388172
512540	5034858	5371	4388172
774005	5066388	5371	4388172
521950	5056656	5371	4388172
526815	5077680	5371	4388172
422035	5076120	5371	4388172
570605	5080794	5371	4388172
517730	5000214	5371	4388172
557955	5052378	5371	4388172
515785	4993596	5371	4388172
584230	5076510	5371	4388660
596560	5061330	3906	4388660
577095	5061330	3906	4388660
487885	5043810	3906	4388660
564770	5054322	3906	4388660
575150	5029020	3906	4388660
580665	5056656	3906	4388660
714315	4997880	3906	4388660
600775	5057046	3906	4388660
746755	5026686	3906	4388660
469395	5012280	4882	4388172
523570	5043420	4882	4388172
719505	5045760	4882	4388172
592665	4979580	4882	4388172
629970	5066778	4882	4388172
520975	5032134	4882	4388172
469395	5032134	4882	4388172
593315	5029410	4882	4388172
461935	5076510	4882	4388172
530060	5008776	4882	4388172
615050	5035248	4882	4388172
757785	4988922	4882	4388416
640030	5031744	6347	4388416
528760	5030964	6347	4388416
500215	5069112	6347	4388416
708150	5009946	6347	4388416
493725	5048094	6347	4388416
620890	5043810	6347	4388416
570605	5039922	6347	4388416
516760	5078070	6347	4388416
577420	5043420	6347	4388416
473940	5066388	6347	4388416
448635	4986198	6347	4388416
556660	5025126	6347	4388416
561200	5034468	4882	4388172
514165	5037192	4882	4388172
604345	5024346	4882	4388172
593315	5084688	4882	4388172
468425	5051598	4882	4388172
508650	4993986	4882	4388172
665980	5053542	4882	4388172
577095	5054322	4882	4388172
516435	5043810	4882	4388172
743510	5070672	4882	4388172
509945	5054712	4882	4388172
479775	5056266	4882	4388172
622835	5044590	4882	4388172
566065	5067558	4882	4388172
794765	5028630	4882	4388172
665005	5018508	4882	4388172
519030	5053152	4882	4388172
577745	5072226	4882	4388172
771730	5073396	4882	4388172
618295	5078844	4882	4388172
519030	5072616	4882	4388172
697770	5001384	4882	4388172
645865	4984644	5371	4388172
566390	5062110	5371	4388172
537845	5052378	5371	4388172
589745	5068728	5371	4388172
816500	5054322	5371	4388172
553740	5000604	5371	4388172
560225	5044590	5371	4388172
534275	5022792	5371	4388172
446365	5043036	5371	4388172
634835	5055492	5371	4388172
504755	5036802	5371	4388172
604995	5030190	6347	4388172
475235	5043810	6347	4388172
507675	5055492	6347	4388172
520325	5078460	6347	4388172
466150	5056656	6347	4388172
483020	5010726	6347	4388172
644245	5041866	6347	4388172
864835	5020068	6347	4388172
668900	5058606	6347	4388172
508325	5049648	6347	4388172
450580	5076120	6347	4388172
555360	5064054	5859	4387928
489510	5009556	5859	4387928
663710	5050818	5859	4387928
474260	5057826	5859	4387928
631270	5063664	5859	4387928
549845	5053152	5859	4387928
490480	5063274	5859	4387928
493075	5077680	5859	4387928
659490	4969848	5859	4387928
507025	5051598	5859	4387928
559580	4978416	5859	4387928
388620	5038362	5371	4388172
573205	5055102	5371	4388172
513515	5029020	5371	4388172
556010	5058216	5371	4388172
591695	4991652	5371	4388172
542710	5019288	5371	4388172
485615	5039532	5371	4388172
526165	5056266	5371	4388172
496645	5008386	5371	4388172
622510	5042256	5371	4388172
633215	5026296	4882	4388172
670195	5057826	4882	4388172
499890	5048094	4882	4388172
519030	5054322	4882	4388172
831095	5068338	4882	4388172
497620	5065224	4882	4388172
450580	5067558	4882	4388172
532005	5001768	4882	4388172
491780	5010336	4882	4388172
523895	5016174	4882	4388172
635485	5043036	4882	4388172
598180	5017728	3906	4388172
692580	4969458	3906	4388172
813255	5055882	3906	4388172
524870	5060550	3906	4388172
499890	5045760	3906	4388172
622185	5094804	3906	4388172
459665	4990092	3906	4388172
611805	5062500	3906	4388172
639705	5066388	3906	4388172
508650	4960506	3906	4388172
636460	5080794	3906	4388172
491130	4993206	5371	4387928
579040	5076510	5371	4387928
510595	5006832	5371	4387928
743185	4971408	5371	4387928
536220	5039532	5371	4387928
527465	5070282	5371	4387928
484320	5068728	5371	4387928
428845	5017344	5371	4387928
548875	5003328	5371	4387928
592340	5016564	5371	4387928
516110	5059770	5371	4387928
641000	5055102	5371	4388172
470695	5067168	5371	4388172
524545	5050038	5371	4388172
532655	5022402	5371	4388172
570930	4964400	5371	4388172
551145	5034078	5371	4388172
481725	5050818	5371	4388172
584880	5044200	5371	4388172
474260	5060550	5371	4388172
671495	5067948	5371	4388172
540440	5060550	5371	4388172
522595	4995150	5371	4388660
795415	5052768	5371	4388660
458365	5063664	5371	4388660
562500	4988148	5371	4388660
632240	5045370	5371	4388660
472965	5055882	5371	4388660
757460	5039142	5371	4388660
542060	5066778	5371	4388660
533300	5030964	5371	4388660
543035	5046150	5371	4388660
526165	4957782	5371	4388172
554710	5049648	5859	4388172
623160	5028240	5859	4388172
445715	4980750	5859	4388172
545630	5035248	5859	4388172
482050	5067558	5859	4388172
489510	5073006	5859	4388172
718205	5038752	5859	4388172
483020	5041086	5859	4388172
615375	5025516	-225097	4422596
623485	5013060	-225097	4422596
582610	5025126	-224120	4422596
677660	4962066	-224120	4422596
610185	5030574	-224120	4422596
607915	4997490	-224120	4422596
599155	5009556	-224120	4422596
633540	4993206	-224120	4422596
700690	4990872	-224120	4422596
652355	4981530	-224120	4422596
703935	4994376	-224120	4422596
815850	5013840	-224120	4422596
738970	5019678	-224120	4422596
855750	5018898	-223632	4422840
691605	5037582	-223632	4422840
640030	5016564	-223632	4422840
647815	5028630	-223632	4422840
770760	5018898	-223632	4422840
599805	5032134	-223632	4422840
580990	5027460	-223632	4422840
580665	4980360	-223632	4422840
606615	4994766	-223632	4422840
583910	5006832	-223632	4422840
677335	5017728	-223632	4422840
763300	5019678	-225585	4422840
792170	5025906	-225585	4422840
663710	5006832	-225585	4422840
675385	5003718	-225585	4422840
736050	5005662	-225585	4422840
759405	4945716	-225585	4422840
590720	4993596	-225585	4422840
762975	4992036	-225585	4422840
864835	4991652	-225585	4422840
673440	5024346	-225585	4422840
630620	5035638	-225585	4422840
599155	5029800	-222167	4423328
582610	5022792	-222167	4423328
641975	5004108	-222167	4423328
658195	4959726	-222167	4423328
573205	5010726	-222167	4423328
786655	5009946	-222167	4423328
866455	4989702	-222167	4423328
705555	5012280	-222167	4423328
789575	5025126	-222167	4423328
685765	5004108	-222167	4423328
686090	5017344	-222167	4423328
626730	4996710	-222167	4423328
555685	5025906	-222167	4423328
588125	5042646	-222167	4423328
686740	5030574	-223144	4423084
648785	5022792	-223144	4423084
720155	5007612	-223144	4423084
659490	5030190	-223144	4423084
591045	4969074	-223144	4423084
603370	5020458	-223144	4423084
554710	5036802	-223144	4423084
697770	4948830	-223144	4423084
604670	5037972	-223144	4423084
813255	5009166	-223144	4423084
629000	5021232	-223144	4423084
659815	4997490	-223144	4423084
677010	5014614	-223144	4423084
651055	5023956	-223144	4423084
649760	5029410	-223144	4423084
609860	5023572	-223144	4423084
690960	5030190	-223144	4423084
727290	5022402	-223144	4423084
750000	5014614	-223144	4423084
608235	5024736	-223144	4423084
686740	5034078	-223144	4422840
700040	5003718	-223632	4422840
613425	5012670	-223632	4422840
570285	5002158	-223632	4422840
718855	5002158	-223632	4422840
676360	5001768	-223632	4422840
811630	4965570	-223632	4422840
774005	5024736	-223632	4422840
827850	4996710	-223632	4422840
768810	4993596	-223632	4422840
651055	4984254	-223632	4422840
738970	5003718	-223144	4423084
678305	4996320	-223144	4423084
658845	4979970	-223144	4423084
722750	4929756	-223144	4423084
732155	5020068	-223144	4423084
652355	5021622	-223144	4423084
651055	5033304	-223144	4423084
590070	4997880	-223144	4423084
764270	5016174	-223144	4423084
618620	5025126	-223144	4423084
571255	5042646	-223144	4423084
618295	4989702	-221679	4422596
697770	4981530	-221679	4422596
728585	5016564	-221679	4422596
680255	4982304	-221679	4422596
718205	4995930	-221679	4422596
844070	5015004	-221679	4422596
708800	5019288	-221679	4422596
720480	5002158	-221679	4422596
952095	5024346	-221679	4422596
629645	5015784	-221679	4422596
710420	5009556	-221679	4422596
597210	5028630	-221679	4423084
618620	5007996	-223632	4423084
681875	4983474	-223632	4423084
615700	5002548	-223632	4423084
711395	5006052	-223632	4423084
657870	4997100	-223632	4423084
728265	4988148	-223632	4423084
691930	5003718	-223632	4423084
778870	5006832	-223632	4423084
737345	5030190	-223632	4423084
630620	5017728	-223632	4423084
686090	4983474	-223632	4423084
659815	5000604	-218261	4422840
620240	5029410	-218261	4422840
605640	4996710	-218261	4422840
749350	4957002	-218261	4422840
733780	4993986	-218261	4422840
836610	4991262	-218261	4422840
938145	5020068	-218261	4422840
800280	5020842	-218261	4422840
597530	5015784	-218261	4422840
609860	5019678	-218261	4422840
656250	5017728	-218261	4422840
644245	5022792	-223632	4422840
693230	4990482	-223632	4422840
731830	4951554	-223632	4422840
736050	5002158	-223632	4422840
796060	5019288	-223632	4422840
637755	5018118	-223632	4422840
609860	5009166	-223632	4422840
664355	5029020	-223632	4422840
612455	4978806	-223632	4422840
602720	4993596	-223632	4422840
717560	4984254	-223632	4422840
773030	4995150	-219238	4423084
741565	5016954	-219238	4423084
723075	5025516	-219238	4423084
770110	5021622	-219238	4423084
574175	5034468	-219238	4423084
636785	5022792	-219238	4423084
762650	4953498	-219238	4423084
561850	5012670	-219238	4423084
673440	5006832	-219238	4423084
828500	5003328	-219238	4423084
746755	5027850	-219238	4423084
692255	5034858	-224120	4422840
564120	5029410	-224120	4422840
654300	5015004	-224120	4422840
609860	5038362	-224120	4422840
686090	5001768	-224120	4422840
677980	5011890	-224120	4422840
661115	4999824	-224120	4422840
680255	4960506	-224120	4422840
690960	5010336	-224120	4422840
575475	5028630	-224120	4422840
607590	5032134	-224120	4422596
580990	5029020	-217285	4422596
642300	5018118	-217285	4422596
655925	5005272	-217285	4422596
676035	4997880	-217285	4422596
788275	5015784	-217285	4422596
765895	5021232	-217285	4422596
702310	5013060	-217285	4422596
569635	5034858	-217285	4422596
620890	5027850	-217285	4422596
620565	5030574	-217285	4422596
574175	5038362	-220703	4422840
689010	5015394	-220703	4422840
567365	4991262	-220703	4422840
705880	5006832	-220703	4422840
692905	5026296	-220703	4422840
696795	5034078	-220703	4422840
785030	5026296	-220703	4422840
625755	5025906	-220703	4422840
849260	5010336	-220703	4422840
614725	5030964	-220703	4422840
647490	5025906	-220703	4422840
658845	5009166	-220703	4422840
575475	4995150	-220703	4422596
747400	5002548	-219238	4422596
681550	5012280	-219238	4422596
662085	5039532	-219238	4422596
653975	5020842	-219238	4422596
566065	5000604	-219238	4422596
648785	4965570	-219238	4422596
718855	4989312	-219238	4422596
749350	4993206	-219238	4422596
747400	5030190	-219238	4422596
971885	5001768	-219238	4422596
574175	5037972	-215331	4422596
659815	5011500	-215331	4422596
665005	5029020	-215331	4422596
592990	4996320	-215331	4422596
655600	4999044	-215331	4422596
687390	5016954	-215331	4422596
695500	5036028	-215331	4422596
664035	5024736	-215331	4422596
585855	5041086	-215331	4422596
646840	5044980	-215331	4422596
580015	5005272	-215331	4422596
837260	5005662	-219238	4422840
705880	4995930	-219238	4422840
693875	4994376	-219238	4422840
775300	5023956	-219238	4422840
608885	5023572	-219238	4422840
707825	5036418	-219238	4422840
612455	5020458	-219238	4422840
613750	5034078	-219238	4422840
644570	5021232	-219238	4422840
670845	4990872	-219238	4422840
669225	5005272	-219238	4422840
693555	4997100	-216796	4422840
750000	4976466	-216796	4422840
949825	4949610	-216796	4422840
786005	4982694	-216796	4422840
746105	4979970	-216796	4422840
714965	4991262	-216796	4422840
738645	5011110	-216796	4422840
754215	4995540	-216796	4422840
676685	5040696	-216796	4422840
733130	5041866	-216796	4422840
602075	5030964	-216796	4422840
568660	5037192	-216796	4422840
596235	5032914	-218261	4423328
606615	5042646	-218261	4423328
646840	5038362	-218261	4423328
599805	5016174	-218261	4423328
556335	5016174	-218261	4423328
686090	5007222	-218261	4423328
804170	4934034	-218261	4423328
680255	5034468	-218261	4423328
761350	5029020	-218261	4423328
672790	5028240	-218261	4423328
588125	5035248	-218261	4423328
641650	5016174	-217773	4423084
628350	5002938	-217773	4423084
682525	5019678	-217773	4423084
765245	5013060	-217773	4423084
657220	4967904	-217773	4423084
663710	4984644	-217773	4423084
703935	5014614	-217773	4423084
754215	4997880	-217773	4423084
879105	4994376	-217773	4423084
771085	5016564	-217773	4423084
684470	5024736	-217773	4423084
594290	5030964	-216308	4422840
647815	5027076	-216308	4422840
602400	5037192	-216308	4422840
566390	5027076	-216308	4422840
589420	5000994	-216308	4422840
579690	5013840	-216308	4422840
637110	4964400	-216308	4422840
689010	5006052	-216308	4422840
720155	5007222	-216308	4422840
737670	4968684	-216308	4422840
1053305	5029410	-216308	4422840
883970	5015004	-214355	4422596
578070	5026686	-214355	4422596
588450	5022012	-214355	4422596
631920	5038362	-214355	4422596
646515	5041866	-214355	4422596
581635	5036028	-214355	4422596
603695	5005272	-214355	4422596
629325	5017344	-214355	4422596
725345	5003718	-214355	4422596
689335	4996320	-214355	4422596
730210	5001768	-214355	4422596
685445	4955058	-212890	4422840
973830	4975302	-212890	4422840
719505	4993596	-212890	4422840
665330	4992426	-212890	4422840
573525	5016174	-212890	4422840
696150	4997100	-212890	4422840
639705	4986198	-212890	4422840
689335	5036028	-212890	4422840
800605	5034078	-212890	4422840
646840	5030574	-212890	4422840
610510	5018898	-212890	4422840
569960	5020842	-212890	4422840
618940	5004882	-213867	4423572
975450	4981530	-213867	4423572
677660	4976856	-213867	4423572
660140	5032914	-213867	4423572
631270	5019678	-213867	4423572
607590	5018898	-213867	4423572
725345	4993596	-213867	4423572
674415	5017344	-213867	4423572
687715	5020842	-213867	4423572
942365	5011110	-213867	4423572
642300	5015784	-213867	4423572
727290	4985034	-213867	4423572
617320	4990482	-213867	4423572
616670	4987368	-213867	4423572
693875	4958172	-212890	4422596
867755	4974522	-212890	4422596
711395	5035638	-212890	4422596
702310	5011110	-212890	4422596
622185	5027460	-212890	4422596
611155	5014230	-212890	4422596
670845	5005662	-212890	4422596
630945	5004882	-212890	4422596
605640	4996710	-212890	4422596
680255	5016954	-212890	4422596
668900	5004498	-212890	4422596
598505	5029020	-214843	4422596
688365	4984644	-214843	4422596
711070	5018898	-214843	4422596
583585	4975692	-214843	4422596
613750	5006442	-214843	4422596
747400	4980750	-214843	4422596
1002375	4992426	-214843	4422596
728585	5019678	-214843	4422596
717880	5011890	-214843	4422596
609535	5039922	-214843	4422596
618620	5009946	-214843	4422596
636460	5010726	-212890	4422596
649435	5018508	-212890	4422596
598505	5007222	-212890	4422596
646515	4960506	-212890	4422596
703935	4991652	-212890	4422596
791845	4986588	-212890	4422596
886890	4944546	-212890	4422596
691605	5034858	-212890	4422596
891435	5034078	-212890	4422596
601425	5025516	-212890	4422596
649110	5022792	-212890	4422596
707500	4977246	-209472	4422351
630945	5016174	-209472	4422351
678305	4961676	-209472	4422351
700690	4989702	-209472	4422351
651705	5031744	-209472	4422351
595585	5022402	-209472	4422351
628675	5020068	-209472	4422351
784385	4959342	-209472	4422351
617320	5003328	-209472	4422351
638080	4996320	-209472	4422351
872295	4976076	-209472	4422351
682525	5002938	-209472	4422351
714640	5035248	-209472	4422351
705880	5027460	-214843	4423328
576120	5030574	-214843	4423328
665980	5025516	-214843	4423328
620240	5034468	-214843	4423328
574175	4990872	-214843	4423328
581960	5018508	-214843	4423328
754540	4972188	-214843	4423328
729560	5010726	-214843	4423328
755510	4996710	-214843	4423328
729560	5018898	-214843	4423328
656250	5041086	-214843	4423328
593315	5007612	-211913	4422596
632890	5008386	-211913	4422596
586180	5030574	-211913	4422596
601100	5027076	-211913	4422596
618940	5036028	-211913	4422596
656250	5009166	-211913	4422596
590720	5011500	-211913	4422596
745780	4981920	-211913	4422596
872295	4977246	-211913	4422596
680255	5032134	-211913	4422596
662735	5024736	-211913	4422596
731185	5011110	-212402	4422596
662085	5033688	-212402	4422596
596235	5023956	-212402	4422596
589420	4986198	-212402	4422596
592015	5012280	-212402	4422596
650735	4978806	-212402	4422596
715610	5008776	-212402	4422596
667275	5010336	-212402	4422596
684145	4982304	-212402	4422596
755835	5028240	-212402	4422596
656250	5027850	-212402	4422596
793790	5007612	-211913	4423084
713340	5025516	-211913	4423084
720480	4989312	-211913	4423084
652030	5021232	-211913	4423084
766215	4992036	-211913	4423084
656895	4999044	-211913	4423084
717560	5000214	-211913	4423084
680900	4983864	-211913	4423084
665330	5032524	-211913	4423084
691605	5025126	-211913	4423084
617645	5027460	-211913	4423084
596885	5036418	-211913	4423084
658845	5030574	-211913	4423084
598505	5014614	-211913	4423084
756810	4984254	-209960	4422351
706855	4980750	-209960	4422351
743185	5006442	-209960	4422351
755510	5006052	-209960	4422351
657545	5013060	-209960	4422351
617320	5018118	-209960	4422351
653330	5006052	-209960	4422351
722750	5006832	-209960	4422351
730860	4990872	-209960	4422351
754215	5036028	-209960	4422351
875215	5007996	-210937	4422596
602075	5021232	-210937	4422596
641000	5021622	-210937	4422596
608235	5007612	-210937	4422596
656250	4973742	-210937	4422596
781465	4946106	-210937	4422596
733780	5002938	-210937	4422596
709450	5029800	-210937	4422596
721775	5036802	-210937	4422596
583585	5019288	-210937	4422596
645220	5030574	-210937	4422596
695825	4983084	-210937	4422596
618620	5020068	-210937	4422596
666955	5024346	-214843	4422840
690635	4972188	-214843	4422840
661760	4988148	-214843	4422840
759405	4987758	-214843	4422840
768810	4977636	-214843	4422840
742535	5009946	-214843	4422840
692905	5027850	-214843	4422840
900840	5004882	-214843	4422840
657220	5019678	-214843	4422840
604345	5029410	-214843	4422840
635810	5029020	-214843	4422840
619590	4993986	-214843	4422840
737345	4997490	-212402	4422596
792495	4981140	-212402	4422596
836935	4961286	-212402	4422596
654950	5009166	-212402	4422596
634515	5002158	-212402	4422596
821040	5005662	-212402	4422596
665005	5007612	-212402	4422596
738320	5003718	-212402	4422596
618295	5010336	-212402	4422596
634190	4956228	-212402	4422596
741565	5006052	-212402	4422596
755190	4997880	-212402	4422596
704580	5030190	-212402	4422596
734425	5020458	-212402	4422596
657545	5035248	-212402	4422596
645220	5003718	-212402	4422596
604995	5036028	-212402	4422596
620240	5033688	-213378	4422840
604345	5034468	-213378	4422840
628675	5010726	-213378	4422840
606940	5005662	-213378	4422840
608560	5010726	-213378	4422840
717560	5001384	-213378	4422840
862560	4977246	-213378	4422840
727940	5025516	-213378	4422840
718855	4993206	-213378	4422840
800280	5014230	-213378	4422840
591370	5035638	-213378	4422840
592340	5018898	-212402	4422840
666630	5000214	-212402	4422840
652355	5036802	-212402	4422840
625755	4993596	-212402	4422840
594935	5003718	-212402	4422840
640350	5001384	-212402	4422840
714640	4988538	-212402	4422840
762325	5003328	-212402	4422840
687715	4964010	-212402	4422840
765570	5044590	-212402	4422840
932630	5031354	-212402	4422840
724695	5025906	-213378	4422840
688040	5026686	-213378	4422840
624455	5025906	-213378	4422840
636135	4995150	-213378	4422840
603045	5012280	-213378	4422840
675710	5002548	-213378	4422840
803845	5018898	-213378	4422840
688040	5033688	-213378	4422840
889165	5023182	-213378	4422840
584880	5027850	-213378	4422840
776600	4993596	-213378	4422840
732480	4995150	-213378	4422596
759080	5023572	-213378	4422596
650085	5026296	-213378	4422596
631270	5032524	-213378	4422596
569960	5025906	-213378	4422596
577420	5036418	-213378	4422596
628675	5037972	-213378	4422596
625755	5023182	-213378	4422596
584880	5004882	-213378	4422596
575475	4995930	-213378	4422596
744160	4986978	-213378	4422596
749025	5004498	-211913	4422840
757460	5002938	-211913	4422840
850885	4967904	-211913	4422840
760705	4980750	-211913	4422840
858345	4945716	-211913	4422840
944635	5006052	-211913	4422840
742535	4959726	-211913	4422840
682200	4978026	-211913	4422840
688040	5006832	-211913	4422840
673115	4964010	-211913	4422840
696470	5029020	-211913	4422840
903760	5032914	-211913	4422840
614075	5013060	-210937	4422596
612130	5019288	-210937	4422596
748375	5029020	-210937	4422596
590720	4960896	-210937	4422596
638080	5024736	-210937	4422596
713015	5016564	-210937	4422596
728265	4941432	-210937	4422596
567365	5016954	-210937	4422596
661440	4998654	-210937	4422596
737345	4995930	-210937	4422596
689985	5035638	-210937	4422596
613750	5008386	-210937	4422596
774005	5002548	-212890	4422840
715935	5014230	-212890	4422840
896300	5045760	-212890	4422840
666305	5007222	-212890	4422840
627375	5039922	-212890	4422840
683495	5030574	-212890	4422840
641650	4999434	-212890	4422840
643920	5013840	-212890	4422840
563795	4992816	-212890	4422840
639055	5003718	-212890	4422840
682850	5022792	-212890	4422840
692255	4967904	-208495	4422351
672465	5017728	-208495	4422351
571580	5041086	-208495	4422351
592665	5028630	-208495	4422351
580340	5028630	-208495	4422351
791520	5006832	-208495	4422351
589420	5032134	-208495	4422351
607915	5006832	-208495	4422351
640030	4966344	-208495	4422351
661115	5008386	-208495	4422351
722100	4992816	-208495	4422351
763945	5019678	-207031	4422596
660790	5041086	-207031	4422596
677980	4988922	-207031	4422596
686740	5041866	-207031	4422596
629970	5016564	-207031	4422596
578070	5035248	-207031	4422596
613750	4996320	-207031	4422596
591695	5016174	-207031	4422596
693555	4993596	-207031	4422596
681550	4992816	-207031	4422596
748050	5023956	-207031	4422596
645540	5037972	-208495	4422596
719505	5029410	-208495	4422596
809035	5039142	-208495	4422596
622185	5029800	-208495	4422596
616670	5027850	-208495	4422596
569960	5042256	-208495	4422596
608235	5036802	-208495	4422596
662735	5036802	-208495	4422596
619590	4997100	-208495	4422596
566065	5020842	-208495	4422596
609860	5015004	-208495	4422596
616345	5013450	-208984	4422596
667600	5016174	-208984	4422596
744805	5015394	-208984	4422596
731185	5003718	-208984	4422596
749025	5022402	-208984	4422596
665005	5039142	-208984	4422596
812605	5027076	-208984	4422596
728585	5027850	-208984	4422596
565095	5034078	-208984	4422596
546600	5032524	-208984	4422596
630945	5009946	-208984	4422596
581310	5033688	-206054	4422840
574825	5003718	-206054	4422840
708150	4997100	-206054	4422840
710420	5007612	-206054	4422840
687390	4990092	-206054	4422840
659490	5010726	-206054	4422840
709450	5019288	-206054	4422840
663060	5032134	-206054	4422840
748375	5043810	-206054	4422840
603370	5033304	-206054	4422840
611155	5009556	-206054	4422840
646515	5028240	-207031	4422351
576445	5031744	-207031	4422351
553090	4991652	-207031	4422351
610830	4986198	-207031	4422351
782760	4980750	-207031	4422351
677010	4993206	-207031	4422351
652355	5040306	-207031	4422351
701985	5032524	-207031	4422351
763945	5019678	-207031	4422351
585855	5024736	-207031	4422351
566390	5040306	-207031	4422596
594615	5033304	-208007	4422596
642625	5011110	-208007	4422596
683495	5035638	-208007	4422596
565095	5037582	-208007	4422596
568660	5015004	-208007	4422596
633865	5003718	-208007	4422596
563470	4988148	-208007	4422596
649110	4994766	-208007	4422596
702310	5015004	-208007	4422596
688365	4985808	-208007	4422596
686090	5038362	-208007	4422596
826230	5030964	-208495	4422596
584230	5043036	-208495	4422596
642300	5025516	-208495	4422596
584880	4971018	-208495	4422596
643920	5023572	-208495	4422596
686740	5018118	-208495	4422596
722750	5026686	-208495	4422596
636785	5029020	-208495	4422596
582935	5028630	-208495	4422596
586505	5039922	-208495	4422596
528435	5034468	-202636	4422107
571255	5025126	-202636	4422107
709125	5020068	-202636	4422107
671495	4952724	-202636	4422107
616670	5027076	-202636	4422107
668900	5007612	-202636	4422107
706530	4961676	-202636	4422107
779195	4989702	-202636	4422107
622510	4987368	-202636	4422107
634835	5035248	-202636	4422107
624130	5031744	-202636	4422107
550170	5007612	-202636	4422107
574500	5000604	-202148	4422351
730860	5009556	-202148	4422351
680900	5013840	-202148	4422351
705230	5012670	-202148	4422351
741565	5031354	-202148	4422351
689010	5040306	-202148	4422351
641975	5022012	-202148	4422351
593315	5020458	-202148	4422351
596235	5034078	-202148	4422351
695500	5036028	-202148	4422351
677660	5031354	-202148	4422351
625105	5006442	-206054	4422596
540115	5001768	-206054	4422596
568335	5001384	-206054	4422596
660790	4965960	-206054	4422596
810335	5011500	-206054	4422596
687715	5001768	-206054	4422596
675385	5034858	-206054	4422596
652030	5013450	-206054	4422596
878460	5025516	-206054	4422596
582935	5042646	-206054	4422596
663060	5035248	-206054	4422596
568010	5016954	-202148	4422596
733455	5027850	-202148	4422596
616345	5004498	-202148	4422596
568985	5018898	-202148	4422596
678630	5018508	-202148	4422596
679605	5011500	-202148	4422596
648785	5016564	-202148	4422596
673765	5020068	-202148	4422596
635160	5022792	-202148	4422596
576445	5030190	-202148	4422596
694200	5027076	-202148	4422596
765895	5045370	-207031	4423084
566390	5040696	-207031	4423084
622835	5010726	-207031	4423084
685445	5025516	-207031	4423084
602720	5010336	-207031	4423084
575800	5021232	-207031	4423084
683820	5025126	-207031	4423084
647490	5019288	-207031	4423084
694525	5038362	-207031	4423084
663385	5017728	-207031	4423084
742535	5025906	-207031	4423084
667275	5027076	-204589	4422596
672465	5022402	-204589	4422596
571255	5025126	-204589	4422596
659165	5035248	-204589	4422596
679605	5022402	-204589	4422596
672790	5029800	-204589	4422596
549845	5018508	-204589	4422596
561525	5022012	-204589	4422596
789250	4986978	-204589	4422596
638080	4990092	-204589	4422596
638405	4999434	-204589	4422596
625755	5015394	-207031	4422596
741565	5025906	-207031	4422596
729885	4960116	-207031	4422596
768165	5030190	-207031	4422596
668575	5032914	-207031	4422596
577745	5036418	-207031	4422596
617970	4979190	-207031	4422596
558930	5039922	-207031	4422596
682525	5035638	-207031	4422596
598830	5043036	-207031	4422596
662735	5012670	-207031	4422596
649435	5016174	-207519	4422840
648140	5006442	-207519	4422840
677335	5018118	-207519	4422840
761025	5005662	-207519	4422840
739940	4935984	-207519	4422840
656250	5032524	-207519	4422840
726965	5037192	-207519	4422840
738320	4972962	-207519	4422840
1385485	4865526	-207519	4422840
813580	4777938	-207519	4422840
853480	4976076	-207519	4422840
768490	4983084	-207519	4422840
1043250	5007996	-207519	4422840
1284925	4899390	-207519	4422840
873590	4956228	-207519	4422840
1163925	4986198	-207519	4422351
1525950	4902894	-198730	4422351
897275	4940268	-198730	4422351
950150	4863966	-198730	4422351
833365	4935204	-198730	4422351
794765	4985808	-198730	4422351
884945	4956612	-198730	4422351
737995	4957392	-198730	4422351
764270	4990872	-198730	4422351
