1264485	4897056	-232910	4422840
1116890	4920024	-231445	4422596
797360	4948050	-231445	4422596
911220	4940268	-231445	4422596
997835	4881876	-231445	4422596
1052980	4967124	-231445	4422596
1113320	4871364	-231445	4422596
1156465	4913796	-231445	4422596
827530	4967904	-231445	4422596
951120	4889658	-231445	4422596
1074390	4895496	-231445	4422596
1198635	4917300	-229003	4422596
1028330	4940268	-229003	4422596
901815	4976856	-229003	4422596
1029300	4895496	-229003	4422596
1007890	4885380	-229003	4422596
972210	4892382	-229003	4422596
1118835	4885764	-229003	4422596
1159385	4921188	-229003	4422596
1017945	4956228	-229003	4422596
1147705	4880316	-232910	4422596
1047790	4940652	-232910	4422596
968640	4888104	-232910	4422596
1213880	4888884	-232910	4422596
1030275	4966344	-232910	4422596
1025085	4901340	-232910	4422596
888515	4925082	-232910	4422596
1026380	4905228	-232910	4422596
1113320	4900950	-232910	4422596
857370	4922358	-230956	4422840
1015350	4929366	-230956	4422840
1084450	4887324	-230956	4422840
883650	4891998	-230956	4422840
1075690	4959342	-230956	4422840
1084125	4869804	-230956	4422840
1115590	4939878	-230956	4422840
922575	4966734	-230956	4422840
1012435	4913406	-230956	4422840
1237560	4943382	-228515	4422596
1077960	4909512	-228515	4422596
875865	4898610	-228515	4422596
795735	4882650	-228515	4422596
930685	4955448	-228515	4422596
983885	4929756	-228515	4422596
921925	4903674	-228515	4422596
1112020	4885380	-228515	4422596
1031570	4926252	-231933	4422840
972210	4939488	-231933	4422840
1052980	4871754	-231933	4422840
1039355	4897836	-231933	4422840
854455	4941432	-231933	4422840
978045	4902894	-231933	4422840
811955	4899780	-231933	4422840
896625	4899780	-231933	4422840
1108780	4953114	-231933	4422840
1149005	4876038	-228027	4423084
846990	4890438	-228027	4423084
1079905	4960506	-228027	4423084
845695	4966344	-228027	4423084
1093205	4897446	-228027	4423084
811310	4919244	-228027	4423084
984210	4939488	-228027	4423084
1046170	4942212	-228027	4423084
813580	4943766	-228027	4423084
1292060	4840614	-228027	4422596
1000430	4878762	-227050	4422596
1040980	4918074	-227050	4422596
995240	4893942	-227050	4422596
845045	4961676	-227050	4422596
1035465	4917300	-227050	4422596
1125645	4925862	-227050	4422596
874565	4961286	-227050	4422596
943335	4899780	-227050	4422596
1131160	4917300	-227050	4422596
889485	4958172	-233886	4422596
1062065	4919244	-233886	4422596
1067905	4846842	-233886	4422596
786980	4966734	-233886	4422596
913170	4916130	-233886	4422596
1055900	4912236	-233886	4422596
1094180	4964400	-233886	4422596
912845	4863576	-233886	4422596
1105860	4890438	-233886	4422596
939770	4958172	-230468	4423328
969615	4930536	-230468	4423328
998160	5006442	-230468	4423328
995240	4900950	-230468	4423328
1009190	4940268	-230468	4423328
815525	4970628	-230468	4423328
1016325	4900950	-230468	4423328
917710	4931700	-230468	4423328
1176900	4921968	-230468	4423328
1031570	4920024	-232910	4422596
976750	4943382	-232910	4422596
861265	4917690	-232910	4422596
1089315	4905228	-232910	4422596
1076015	4895112	-232910	4422596
845695	4960896	-232910	4422596
960530	4928586	-232910	4422596
842125	4905228	-232910	4422596
1134080	4928196	-232910	4422840
1064010	4935984	-229492	4422840
971560	4897446	-229492	4422840
959555	4906788	-229492	4422840
874890	4965570	-229492	4422840
1051360	4939878	-229492	4422840
1136350	4898610	-229492	4422840
865805	4922358	-229492	4422840
1008540	4934814	-229492	4422840
1079580	4925082	-229492	4423084
1065635	4893942	-233886	4423084
842775	4955838	-233886	4423084
1024760	4906398	-233886	4423084
1085745	4937928	-233886	4423084
1093205	4908732	-233886	4423084
881055	4946106	-233886	4423084
898245	4982304	-233886	4423084
1136350	4923528	-233886	4423084
840505	4874868	-233886	4422840
979345	4950384	-232910	4422840
1094505	4869804	-232910	4422840
1042275	4923528	-232910	4422840
1090285	4871754	-232910	4422840
1035140	4884990	-232910	4422840
965070	4899780	-232910	4422840
873915	4889658	-232910	4422840
953070	4968684	-232910	4422840
906680	4927032	-232910	4422840
908950	4944156	-229492	4422840
1040005	4885380	-229492	4422840
1076985	4960116	-229492	4422840
1078610	4901730	-229492	4422840
827530	4918464	-229492	4422840
1014055	4953498	-229492	4422840
951445	4826598	-229492	4422840
1217125	4862412	-229492	4422840
1020865	4972962	-229492	4422596
842450	4862412	-228515	4422596
870670	4876038	-228515	4422596
1099045	4969458	-228515	4422596
869050	4964400	-228515	4422596
1140570	4879536	-228515	4422596
850560	4955058	-228515	4422596
1125320	4902114	-228515	4422596
944960	4886154	-228515	4422596
1117210	4923918	-232421	4422596
1043250	4923528	-232421	4422596
925170	4976466	-232421	4422596
859965	4949610	-232421	4422596
1129540	4916130	-232421	4422596
1020220	4932090	-232421	4422596
791845	4971018	-232421	4422596
890135	4915740	-232421	4422596
1003025	4969074	-232421	4422596
1024110	4955058	-232910	4422840
1148030	4898610	-232910	4422840
854775	4880316	-232910	4422840
1060445	4903284	-232910	4422840
1068875	4981530	-232910	4422840
1088665	4916520	-232910	4422840
909275	4887324	-232910	4422840
796060	4979970	-232910	4422840
1029300	4917690	-232910	4422840
1140245	4895886	-231933	4422840
791195	4961676	-231933	4422840
952745	4897056	-231933	4422840
1079905	4948440	-231933	4422840
1071795	4927422	-231933	4422840
802875	4969074	-231933	4422840
877485	4967904	-231933	4422840
1046820	4900950	-231933	4422840
1096450	4864356	-231933	4422840
934580	4937538	-231445	4422840
1057850	4951944	-231445	4422840
1157115	4926252	-231445	4422840
1129540	4950774	-231445	4422840
1120455	4934034	-231445	4422840
842125	4953888	-231445	4422840
829150	4981140	-231445	4422840
1139595	4933260	-231445	4422840
1195715	4919244	-225097	4422596
1262865	4942992	-225097	4422596
769785	4963230	-225097	4422596
1012110	4884210	-225097	4422596
1130190	4935594	-225097	4422596
876510	4946496	-225097	4422596
1023140	4878762	-225097	4422596
1129865	4898610	-225097	4422596
1042600	4875648	-225097	4422596
1023140	4904064	-230468	4422351
1272920	4915740	-230468	4422351
923225	4878372	-230468	4422351
1011785	4969458	-230468	4422351
882350	4976076	-230468	4422351
1080230	4918074	-230468	4422351
1192795	4932870	-230468	4422351
1104885	4898226	-230468	4422351
1120780	4946106	-230468	4422351
1008865	4944156	-232910	4423084
1021515	4938708	-232910	4423084
899545	4972962	-232910	4423084
1138300	4867470	-232910	4423084
1126295	4972572	-232910	4423084
872945	4959342	-232910	4423084
1116240	4931700	-232910	4423084
907980	4888104	-232910	4423084
824610	4888104	-232910	4422596
1009515	4919244	-227050	4422596
1061415	4926642	-227050	4422596
936850	4918464	-227050	4422596
1118510	4902114	-227050	4422596
907980	4925472	-227050	4422596
956635	4970628	-227050	4422596
1037085	4890048	-227050	4422596
909275	4897836	-227050	4422596
881055	4967904	-229492	4422840
902465	4942212	-229492	4422840
1024760	4944546	-229492	4422840
1060445	4927422	-229492	4422840
939770	4881096	-229492	4422840
954040	4940652	-229492	4422840
905705	4941432	-229492	4422840
1194420	4921578	-229492	4422840
834990	4976076	-229492	4422840
1109425	4904844	-227050	4422596
1052980	4944936	-227050	4422596
835960	4972962	-227050	4422596
869050	4894722	-227050	4422596
885920	4889268	-227050	4422596
1174955	4956612	-227050	4422596
956310	4944546	-227050	4422596
913815	4955838	-227050	4422596
877160	4925472	-227050	4422596
972855	4898610	-226074	4422596
1008215	4927032	-226074	4422596
847965	4961286	-226074	4422596
1116565	4936764	-226074	4422596
940740	4918854	-226074	4422596
911545	4969458	-226074	4422596
949825	4958952	-226074	4422596
856400	4917300	-226074	4422596
1130835	4879152	-226074	4422596
1146085	4918854	-229492	4422840
1071470	4897056	-229492	4422840
803200	4911072	-229492	4422840
820390	4932870	-229492	4422840
1006270	4960896	-229492	4422840
1078935	4890438	-229492	4422840
1023140	4960506	-229492	4422840
933930	4875258	-229492	4422840
866130	4894332	-231933	4422840
799305	4962846	-231933	4422840
1144785	4843338	-231933	4422840
1100020	4940652	-231933	4422840
1182415	4869420	-231933	4422840
971885	4927032	-231933	4422840
860290	4949220	-231933	4422840
1055255	4907178	-231933	4422840
1080555	4987758	-231933	4422840
895000	4876812	-231933	4422840
1121755	4905228	-225585	4422840
1021840	4894722	-225585	4422840
819095	4954278	-225585	4422840
1127595	4934814	-225585	4422840
939120	4822704	-225585	4422840
902785	4954278	-225585	4422840
1076340	4908732	-225585	4422840
864835	4967124	-225585	4422840
979345	4932480	-226074	4422596
1254430	4895496	-226074	4422596
1103910	4883430	-226074	4422596
1097425	4871754	-226074	4422596
1130510	4902504	-226074	4422596
1047465	4905618	-226074	4422596
1096125	4918464	-226074	4422596
1042925	4968294	-226074	4422596
1121430	4904454	-226074	4422596
1105860	4959342	-232910	4422596
955990	4935984	-232910	4422596
1066605	4934034	-232910	4422596
833690	4953114	-232910	4422596
1023140	4934034	-232910	4422596
1203500	4890438	-232910	4422596
1094830	4902894	-232910	4422596
955665	4900950	-232910	4422596
897595	4967124	-232910	4422596
751295	4863966	-227538	4422596
824285	4964400	-227538	4422596
820065	4903674	-227538	4422596
1114290	4907178	-227538	4422596
862560	4900560	-227538	4422596
939120	4886934	-227538	4422596
815200	4971798	-227538	4422596
862885	4946880	-227538	4422596
956635	4923528	-227538	4422596
926470	4922748	-227538	4422596
962150	4900560	-227538	4422596
1022490	4942602	-227538	4422596
1127595	4942212	-227538	4422596
799955	4897056	-227538	4422596
1017625	4904454	-227538	4422596
1132135	4944936	-227538	4422596
1003025	4960896	-227538	4422596
912195	4900170	-226562	4422840
902785	4936764	-226562	4422840
1095155	4919634	-226562	4422840
970910	4937538	-226562	4422840
1061415	4863576	-226562	4422840
962150	4933260	-226562	4422840
1162950	4880706	-226562	4422840
933280	4965960	-226562	4422840
991670	4881876	-226562	4422840
989075	4914186	-228027	4422107
1003025	4961286	-228027	4422107
1008865	4927032	-228027	4422107
1155490	4926642	-228027	4422107
946580	4893162	-228027	4422107
845045	4968684	-228027	4422107
1078935	4923528	-228027	4422107
1138620	4926252	-228027	4422107
1130190	4959342	-228027	4422596
842450	4889658	-224609	4422596
1013405	4874868	-224609	4422596
788925	4956228	-224609	4422596
979345	4908342	-224609	4422596
915115	4948050	-224609	4422596
1161655	4959726	-224609	4422596
1104235	4924692	-224609	4422596
945285	4951164	-224609	4422596
859965	4921578	-224609	4422596
1031250	4869804	-226562	4422596
960530	4983474	-226562	4422596
1191825	4931310	-226562	4422596
876835	4913406	-226562	4422596
1024110	4911072	-226562	4422596
1041305	5013840	-226562	4422596
965720	4905618	-226562	4422596
1056550	4891608	-226562	4422596
1060765	4972188	-230468	4422596
1059795	4959726	-230468	4422596
765895	4955838	-230468	4422596
1075690	4948440	-230468	4422596
868400	4903284	-230468	4422596
899545	4903284	-230468	4422596
1121105	4873698	-230468	4422596
831745	4883040	-230468	4422596
1072770	4937148	-228515	4422840
1147705	4874478	-228515	4422840
936200	4890438	-228515	4422840
986805	4909902	-228515	4422840
895975	4957392	-228515	4422840
808065	4973742	-228515	4422840
1133105	4874868	-228515	4422840
1057850	4957002	-228515	4422840
1262540	4915740	-228515	4422840
900515	4924302	-228515	4423328
1018595	4963620	-231933	4423328
1188580	4903284	-231933	4423328
1155815	4920024	-231933	4423328
871970	4983864	-231933	4423328
1114615	4956228	-231933	4423328
847965	4913406	-231933	4423328
1048440	4964010	-231933	4423328
1046820	4910682	-231933	4423328
928090	4913796	-227050	4422351
862560	4961286	-227050	4422351
1080555	4874088	-227050	4422351
1144135	4899000	-227050	4422351
1158410	4915740	-227050	4422351
996860	4938708	-227050	4422351
908300	4924692	-227050	4422351
1212585	4935984	-227050	4422351
1068555	4970628	-227050	4422351
1193445	4889268	-231933	4423328
1106185	4872534	-231933	4423328
945605	4972962	-231933	4423328
969615	4943382	-231933	4423328
997510	4909512	-231933	4423328
1005620	4935984	-231933	4423328
1022815	4916910	-231933	4423328
1039035	4899390	-231933	4423328
903760	4955058	-231933	4423328
1089640	4904454	-229492	4422596
1057200	4887714	-229492	4422596
1112670	4881096	-229492	4422596
1099370	4953888	-229492	4422596
968640	4950774	-229492	4422596
879105	4952724	-229492	4422596
1022490	4941822	-229492	4422596
1145110	4914186	-229492	4422596
926790	4982694	-229492	4422596
896625	4897056	-229980	4422596
1281355	4939878	-229980	4422596
1041955	4928976	-229980	4422596
785030	4963620	-229980	4422596
850560	4962846	-229980	4422596
1106830	4906398	-229980	4422596
1057200	4916130	-229980	4422596
1116240	4907958	-229980	4422596
1083800	4913796	-229980	4422596
1051685	4894332	-225585	4422596
810660	4928976	-225585	4422596
1115265	4882266	-225585	4422596
868400	4964790	-225585	4422596
1120455	4902504	-225585	4422596
1112670	4935984	-225585	4422596
858020	4926252	-225585	4422596
1141215	4914960	-225585	4422596
1051360	4915740	-225585	4422596
1085745	4883430	-228515	4422596
934900	4901730	-228515	4422596
1166520	4893552	-228515	4422596
828500	4984254	-228515	4422596
848940	4969458	-228515	4422596
1007240	4884210	-228515	4422596
1015350	4922748	-228515	4422596
896950	4953498	-228515	4422596
877485	4934424	-228515	4422596
831095	4959342	-232421	4422840
1089640	4892382	-232421	4422840
1092235	4971798	-232421	4422840
903110	4939488	-232421	4422840
1126945	4918464	-232421	4422840
893055	4900170	-232421	4422840
880080	4957782	-232421	4422840
1053630	4916910	-232421	4422840
897595	4906008	-232421	4422840
1097100	4887324	-224120	4422840
1007565	4886544	-224120	4422840
1048440	4897446	-224120	4422840
866130	4951164	-224120	4422840
846345	4939098	-224120	4422840
863535	4946496	-224120	4422840
891110	4980750	-224120	4422840
823310	4923138	-224120	4422840
1040330	4927422	-224120	4422840
1030275	4969848	-224120	4422596
1149325	4951554	-224120	4422596
893705	4962846	-224120	4422596
979345	4888104	-224120	4422596
1045845	4887714	-224120	4422596
937820	4892772	-224120	4422596
1080880	4950774	-224120	4422596
782435	4933650	-224120	4422596
822985	4906398	-225585	4422596
904410	4962456	-225585	4422596
953395	4884600	-225585	4422596
1111695	4894722	-225585	4422596
912845	4900950	-225585	4422596
954365	4955838	-225585	4422596
898570	4874868	-225585	4422596
1198635	4911456	-225585	4422596
1108130	4910292	-225585	4422596
836610	4964400	-222167	4422351
1128565	4909122	-222167	4422351
1023785	4915350	-222167	4422351
833365	4915740	-222167	4422351
839205	4953888	-222167	4422351
1043575	4896276	-222167	4422351
974155	4962846	-222167	4422351
1086070	4979970	-222167	4422351
974480	4891218	-222167	4422351
1031895	4944546	-226562	4422596
895000	4989702	-226562	4422596
889165	4976856	-226562	4422596
827530	4950384	-226562	4422596
1103910	4911456	-226562	4422596
1017625	4920024	-226562	4422596
923550	4933260	-226562	4422596
908300	4932870	-226562	4422596
1043250	4932480	-226562	4422596
829475	4948830	-227050	4422596
1185010	4911846	-227050	4422596
973830	4855404	-227050	4422596
1044225	4912626	-227050	4422596
956960	4929366	-227050	4422596
806440	4957782	-227050	4422596
979670	4939878	-227050	4422596
842775	4982304	-227050	4422596
966045	4894722	-227050	4422596
960205	4936764	-223144	4422596
1015030	4935594	-223144	4422596
817795	4953114	-223144	4422596
901815	4899000	-223144	4422596
838880	4923918	-223144	4422596
860940	4956612	-223144	4422596
1152245	4935984	-223144	4422596
942365	4952724	-223144	4422596
852830	4912236	-223144	4422596
1012755	4949220	-223144	4422596
838235	4954668	-223144	4422596
1070175	4902504	-223144	4422596
1049415	4906398	-223144	4422596
963450	4885764	-223144	4422596
920955	4948830	-223144	4422596
1018595	4875648	-223144	4422596
990375	4929756	-223144	4422596
997185	4947660	-223144	4422596
1027680	4921578	-227050	4422840
844720	4936374	-227050	4422840
789900	4950774	-227050	4422840
1136675	4911072	-227050	4422840
838235	4955448	-227050	4422840
1172685	4904064	-227050	4422840
1038060	4946880	-227050	4422840
1031570	4962066	-227050	4422840
789900	4950384	-223144	4422596
831420	4963230	-223144	4422596
1085420	4900170	-223144	4422596
927765	4946880	-223144	4422596
937175	4919244	-223144	4422596
872945	4942212	-223144	4422596
1069200	4965180	-223144	4422596
1027680	4981140	-223144	4422596
1123375	4941432	-223144	4422596
1055900	4935594	-221679	4422351
820715	4981530	-221679	4422351
1045195	4892382	-221679	4422351
871970	4935594	-221679	4422351
846665	4966734	-221679	4422351
969935	4891998	-221679	4422351
1043900	4925862	-221679	4422351
992645	4912626	-221679	4422351
848290	4899780	-221679	4422351
835640	4907568	-226074	4422596
884295	4928196	-226074	4422596
1001080	4965960	-226074	4422596
1039355	4884990	-226074	4422596
1028005	4923138	-226074	4422596
789575	4970628	-226074	4422596
1105210	4880706	-226074	4422596
1015675	4900170	-226074	4422596
940095	4890048	-226074	4422596
764270	4904064	-219238	4422351
1052335	4872144	-219238	4422351
968315	4872534	-219238	4422351
1069525	4899390	-219238	4422351
974805	4921968	-219238	4422351
