707825	5020458	3906	4391834
675385	4962066	3906	4391834
601100	5029800	6347	4391346
819740	4993206	6347	4391346
667275	4955448	6347	4391346
947880	4989312	6347	4391346
849910	4996320	6347	4391346
849910	4988148	6347	4391346
689010	4997880	6347	4391346
757785	5015394	6347	4391346
876835	4988538	6347	4391346
878135	5030190	6347	4391834
900190	4937928	6347	4391834
725990	5012670	6347	4391834
659165	5042256	6347	4391834
777895	4937538	6347	4391834
967665	5021232	6347	4391834
866130	4953114	6347	4391834
794440	4941432	6347	4391834
735075	5042256	6347	4391834
741240	4983864	4394	4391834
798655	4955448	4394	4391834
817145	4966344	4394	4391834
642300	5015004	4394	4391834
833040	4995930	4394	4391834
716260	5027076	4394	4391834
954365	4946496	4394	4391834
789900	5013060	4394	4391834
952420	4977636	4394	4391834
535575	5024736	5371	4392078
798980	4993206	5371	4392078
823960	5047314	5371	4392078
502485	5020842	5371	4392078
777895	4989312	5371	4392078
613750	5032524	5371	4392078
733130	4924302	5371	4392078
860290	4965570	5371	4392078
640675	5014614	5371	4392078
798655	4942602	4882	4391590
742860	5042646	4882	4391590
852505	5039532	4882	4391590
571255	4942602	4882	4391590
959555	5004108	4882	4391590
677010	5025516	4882	4391590
527785	5031744	4882	4391590
846345	4946496	4882	4391590
713340	5051208	4882	4391590
585855	4997100	3906	4391346
909600	4980360	3906	4391346
718855	4925082	3906	4391346
940740	5034858	3906	4391346
775950	4989312	3906	4391346
613425	5027850	3906	4391346
783735	4972962	3906	4391346
591370	4971408	3906	4391346
510920	4960506	3906	4391346
596235	5008386	4882	4391834
534925	4984644	4882	4391834
776600	4954668	4882	4391834
512540	5015784	4882	4391834
913490	4968294	4882	4391834
799955	4965960	4882	4391834
725345	5016564	4882	4391834
537520	5035248	4882	4391834
891760	4999824	4882	4391834
685445	5038362	5859	4391346
638405	4989312	5859	4391346
881700	5000994	5859	4391346
640675	5045760	5859	4391346
843750	5050428	5859	4391346
739290	4941042	5859	4391346
844395	4973742	5859	4391346
672145	5016954	5859	4391346
889810	4971018	5859	4391346
538490	4952334	3417	4391590
883650	5013450	3417	4391590
539790	5043036	3417	4391590
536545	4953888	3417	4391590
772705	5029020	3417	4391590
526815	5051598	3417	4391590
601425	5032524	3417	4391590
819740	4965960	3417	4391590
774975	5046150	3417	4391590
730210	4964400	6347	4391834
616025	4961676	6347	4391834
789250	5019678	6347	4391834
612455	5017344	6347	4391834
686415	4950774	6347	4391834
609210	4969074	6347	4391834
616025	5046534	6347	4391834
804170	4953888	6347	4391834
572555	5033688	6347	4391834
959880	4962846	6347	4391590
851855	4995930	6347	4391590
620565	4970238	6347	4391590
648140	5034078	6347	4391590
601425	4974132	6347	4391590
779840	4986198	6347	4391590
544655	5035248	6347	4391590
837910	4976466	6347	4391590
788275	5029410	6347	4391590
856725	4971408	6347	4391102
661115	4972962	6347	4391102
847965	4987758	6347	4391102
529735	5029020	6347	4391102
802550	4979190	6347	4391102
822335	4960506	6347	4391102
822335	4964400	6347	4391102
735075	4956228	6347	4391102
767190	5008776	6347	4391102
839855	5032134	5371	4391590
862560	4977246	5371	4391590
927440	4928196	5371	4391590
945930	4998654	5371	4391590
873590	5029800	5371	4391590
568010	4973742	5371	4391590
775625	5002158	5371	4391590
544655	5024736	5371	4391590
815525	5067558	5371	4391590
753240	4967124	5371	4391590
683820	4967514	5371	4391590
905060	4979190	5371	4391590
681225	4984254	5371	4391590
632240	5022012	5371	4391590
768810	4974522	5371	4391590
720800	4989702	5371	4391590
737670	5030190	5371	4391590
782115	4997880	5371	4391590
604995	5043036	7812	4391590
742535	5001384	7812	4391590
808065	4996710	7812	4391590
869700	5038752	7812	4391590
745780	4976076	7812	4391590
784710	4923138	7812	4391590
806120	4941822	7812	4391590
837260	4982694	7812	4391590
882350	4972962	4882	4391834
587475	5008386	4882	4391834
900190	4985034	4882	4391834
684145	4988538	4882	4391834
523895	4933650	4882	4391834
856400	4970628	4882	4391834
686090	4969458	4882	4391834
602720	5039922	4882	4391834
832070	5017728	4882	4391834
828825	4961676	3906	4391346
730860	4987758	3906	4391346
619590	4999044	3906	4391346
631595	5000604	3906	4391346
575800	5032134	3906	4391346
783410	4965960	3906	4391346
886245	4974522	3906	4391346
588775	5027850	3906	4391346
736695	4965960	3906	4391346
752595	5010336	5371	4391102
904410	4976466	5371	4391102
749025	4965180	5371	4391102
625755	5041866	5371	4391102
805470	4987758	5371	4391102
683170	5018898	5371	4391102
664035	4993596	5371	4391102
663060	4948440	5371	4391102
442145	5009556	5371	4391102
866780	4998264	5371	4391590
867105	4944546	5371	4391590
645220	4934034	5371	4391590
868075	5006442	5371	4391590
920630	4978806	5371	4391590
607915	4981140	5371	4391590
707175	5045760	5371	4391590
839530	4996320	5371	4391590
831420	4955058	5371	4391834
798655	5025126	5371	4391834
836285	5044980	5371	4391834
680900	5012670	5371	4391834
791520	4981920	5371	4391834
706855	4994766	5371	4391834
561850	5025906	5371	4391834
895975	5027076	5371	4391834
885270	4966734	5371	4391834
708475	4962066	4394	4390857
862240	5047314	4394	4390857
922250	4978416	4394	4390857
599480	5025516	4394	4390857
751945	4976076	4394	4390857
728910	4944936	4394	4390857
786655	4957782	4394	4390857
434360	4978416	4394	4390857
640350	4999434	4394	4391590
607265	4968684	6347	4391590
819740	4992816	6347	4391590
657870	5003718	6347	4391590
562175	5018508	6347	4391590
665980	4970238	6347	4391590
869700	5086242	6347	4391590
989400	4957002	6347	4391590
839205	4956612	6347	4391590
805470	4955058	4394	4391590
905060	4968684	4394	4391590
939120	4986198	4394	4391590
731830	5015784	4394	4391590
582935	4983474	4394	4391590
763620	5000994	4394	4391590
651705	5030574	4394	4391590
658845	4978026	4394	4391590
858995	4962456	4394	4391590
793465	5006052	3906	4391346
882675	5020068	3906	4391346
638405	5016174	3906	4391346
778220	4958172	3906	4391346
801900	4994376	3906	4391346
649110	4992426	3906	4391346
598505	4930920	3906	4391346
885920	5005272	3906	4391346
606290	4988148	3906	4390857
555360	4987368	4394	4390857
733780	4994376	4394	4390857
823635	5033688	4394	4390857
919980	4969074	4394	4390857
731505	4958562	4394	4390857
599805	5023182	4394	4390857
804495	5016954	4394	4390857
587475	5026296	4394	4390857
631920	5004882	6835	4391346
655925	4956228	6835	4391346
611155	4995930	6835	4391346
802550	4926642	6835	4391346
814875	4988922	6835	4391346
746430	4997100	6835	4391346
637435	5048484	6835	4391346
569635	5026686	6835	4391346
879755	4969074	6835	4391834
589745	5022792	4394	4391834
786005	4953888	4394	4391834
865160	4998264	4394	4391834
558930	5043036	4394	4391834
889165	4948440	4394	4391834
831095	4964400	4394	4391834
604995	4972188	4394	4391834
471345	4947660	4394	4391834
821040	4961286	4394	4391346
591045	4969074	5859	4391346
742210	5011110	5859	4391346
528760	5027076	5859	4391346
863210	4998264	5859	4391346
760055	4990482	5859	4391346
642625	5010336	5859	4391346
729235	4959726	5859	4391346
548875	4998264	5859	4391346
765245	5009946	5859	4391346
557955	5023182	5371	4391346
814875	4942212	5371	4391346
850885	4998264	5371	4391346
686415	4985418	5371	4391346
871320	5024736	5371	4391346
602075	5016564	5371	4391346
854455	4942212	5371	4391346
580340	4937928	5371	4391346
783410	4943382	5371	4391346
681225	4966344	3906	4391346
797035	4952724	3906	4391346
631270	5020068	3906	4391346
807090	4969848	3906	4391346
897275	4965960	3906	4391346
828825	4991652	3906	4391346
814875	5002158	3906	4391346
722425	4964790	3906	4391346
670520	5028630	3906	4391346
802225	4977246	4882	4391102
805470	4952724	4882	4391102
782115	4953114	4882	4391102
794765	4991652	4882	4391102
817795	4997490	4882	4391102
698420	5037192	4882	4391102
745455	4977636	4882	4391102
905380	5022402	4882	4391102
652680	4984644	4882	4391102
872620	4956228	6347	4390857
854775	4973352	6347	4390857
886890	4934424	6347	4390857
871320	4979580	6347	4390857
785030	4918464	6347	4390857
769135	4990872	6347	4390857
529735	5009946	6347	4390857
778870	4966344	6347	4390857
622510	5032134	6347	4390857
704260	4994376	4882	4391102
612130	4953888	4882	4391102
735725	5014614	4882	4391102
651705	4985034	4882	4391102
757785	5013840	4882	4391102
833690	5016174	4882	4391102
694525	5002938	4882	4391102
565095	4968294	4882	4391102
818445	5001384	4882	4391102
548875	4949220	5859	4391102
543685	5019288	5859	4391102
889810	4983474	5859	4391102
807740	5045370	5859	4391102
810985	4958952	5859	4391102
747080	5027460	5859	4391102
806765	4992816	5859	4391102
689335	4961676	5859	4391102
860290	4932480	5859	4391102
461935	4942992	4394	4391590
680255	5013840	4394	4391590
801900	5011110	4394	4391590
602720	5030574	4394	4391590
654300	4972962	4394	4391590
653975	4998654	4394	4391590
649435	4969848	4394	4391590
736375	5010336	4394	4391590
779515	4971018	4394	4391590
687390	4984644	4882	4390857
724370	4990092	4882	4390857
555035	5029800	4882	4390857
800925	4947660	4882	4390857
731830	5046924	4882	4390857
942365	4923918	4882	4390857
780490	4939488	4882	4390857
589420	4965180	4882	4390857
737995	4941432	4882	4390857
865480	4950774	6347	4390857
935875	4995150	6347	4390857
553740	5031744	6347	4390857
779195	4990872	6347	4390857
774325	5044200	6347	4390857
538490	5018118	6347	4390857
800925	4965570	6347	4390857
794765	5033688	6347	4390857
630620	4986588	6347	4390857
691930	5014230	6347	4390857
839855	4967904	6347	4390857
641325	4979970	6347	4390857
592665	5036418	6347	4390857
802550	4951944	6347	4390857
574500	5032524	6347	4390857
752595	4984254	6347	4390857
879430	5017344	6347	4390857
624455	4973352	6347	4390857
754215	5026686	5371	4390857
526815	5029020	5371	4390857
811310	4983084	5371	4390857
889165	4946880	5371	4390857
640675	4963230	5371	4390857
764270	4964010	5371	4390857
740590	4969074	5371	4390857
928740	5005272	5371	4390857
587475	4965960	5371	4390857
551790	4968684	5371	4390857
945285	5057436	5371	4390857
725990	5022792	5371	4390857
751945	4986978	5371	4390857
813580	5004882	5371	4390857
726640	5010726	5371	4390857
702310	5046150	5371	4390857
834015	4924302	5371	4390857
594935	5019678	4882	4390857
840180	4978416	4882	4390857
854130	5025126	4882	4390857
592990	5022792	4882	4390857
701340	5038752	4882	4390857
929065	5027850	4882	4390857
638730	4932090	4882	4390857
987780	4987368	4882	4390857
655925	4978026	6347	4390857
827850	5039922	6347	4390857
856725	4955448	6347	4390857
749675	4939098	6347	4390857
601425	5010336	6347	4390857
701015	4973352	6347	4390857
542385	5031744	6347	4390857
909275	4970628	6347	4390857
894030	4978416	6347	4390857
904735	5017344	6347	4390613
776920	5046150	6347	4390613
864835	4968294	6347	4390613
624780	5037192	6347	4390613
875215	4936764	6347	4390613
881700	5008776	6347	4390613
615375	5021622	6347	4390613
769135	4986198	6347	4390613
778545	5033688	6347	4390613
695825	4935984	5859	4390857
748375	5040696	5859	4390857
841150	5009946	5859	4390857
530060	5046150	5859	4390857
858995	4922748	5859	4390857
570285	5031354	5859	4390857
892730	4953498	5859	4390857
897275	4924692	5859	4390857
951770	5021232	5859	4390857
683170	4948050	4882	4390613
727290	4985808	4882	4390613
810010	4965960	4882	4390613
888840	4917690	4882	4390613
866780	4999824	4882	4390613
682200	5010726	4882	4390613
800925	4979580	4882	4390613
900515	4939098	4882	4390613
960855	4935984	4882	4390857
678630	4975302	4882	4390857
972210	5011110	4882	4390857
767840	5001768	4882	4390857
724045	5036802	4882	4390857
859320	4940652	4882	4390857
700690	4973352	4882	4390857
1040980	4958562	4882	4390857
1045195	4970628	4882	4390857
708475	5071842	4882	4390857
746755	4957782	4882	4390857
781140	4988922	4882	4390369
572230	4975302	4882	4390369
736375	4985418	4882	4390369
616025	4948050	4882	4390369
646515	4947270	4882	4390369
770110	4993596	4882	4390369
861915	4967514	4882	4390369
862560	4960116	4882	4390369
786330	4955448	4394	4390857
795415	4998654	4394	4390857
890135	5012280	4394	4390857
627700	5023572	4394	4390857
913815	5013060	4394	4390857
652355	4939488	4394	4390857
829800	5011890	4394	4390857
608560	4959726	4394	4390857
883650	4964010	4394	4390857
878780	5005272	6347	4390857
616670	5033688	6347	4390857
796060	4974132	6347	4390857
651380	5007996	6347	4390857
646840	5044980	6347	4390857
786655	4992036	6347	4390857
768490	4949610	6347	4390857
596235	4965570	6347	4390857
531680	4957002	4882	4391102
853805	5027460	4882	4391102
826555	4955058	4882	4391102
625430	4957392	4882	4391102
805470	4958562	4882	4391102
635160	4982694	4882	4391102
645540	5048484	4882	4391102
834665	5039142	4882	4391102
621215	4961676	4882	4391102
825255	4989702	3906	4390857
531680	5019678	3906	4390857
824285	4989702	3906	4390857
805795	4985808	3906	4390857
619590	5014614	3906	4390857
552765	5028630	3906	4390857
875865	5007222	3906	4390857
901490	4981920	3906	4390857
616670	4957782	5371	4390857
776920	5022792	5371	4390857
855100	4962846	5371	4390857
721125	5020068	5371	4390857
636785	5004498	5371	4390857
813905	4932090	5371	4390857
558280	5016564	5371	4390857
708800	4958952	5371	4390857
924520	5018898	5371	4390857
743510	4952334	5371	4390857
640675	4972962	5371	4390857
860940	5010726	5371	4390857
545305	5020458	5371	4390857
898895	4986198	5371	4390857
787305	5022012	5371	4390857
792820	4913406	5371	4390857
806120	5004498	5371	4390857
795090	4966734	5371	4390857
521300	5025516	5371	4391590
942690	4981920	5371	4391590
698420	4960116	5371	4391590
614725	5032524	5371	4391590
904085	4976856	5371	4391590
650085	5033304	5371	4391590
580665	5049648	5371	4391590
832395	4959342	5371	4391590
636460	4959342	5371	4391590
520000	4936374	5859	4390613
832720	4983864	5859	4390613
683495	4962456	5859	4390613
639705	4964400	5859	4390613
859320	5054322	5859	4390613
919980	4994376	5859	4390613
861265	4955838	5859	4390613
943985	4950384	5859	4390613
963775	5013840	5859	4390857
771730	4954668	6347	4390857
956635	4954278	6347	4390857
730860	4996320	6347	4390857
880405	5026686	6347	4390857
704905	5044200	6347	4390857
519675	5027076	6347	4390857
579040	4938708	6347	4390857
538170	5034858	6347	4390857
605965	4992816	5371	4391102
692905	5039142	5371	4391102
799305	4966734	5371	4391102
644570	4955058	5371	4391102
690310	4961286	5371	4391102
646515	4992426	5371	4391102
863535	5011500	5371	4391102
605320	5029410	5371	4391102
756485	5029020	5371	4390857
774005	5008776	5371	4390857
818770	5044980	5371	4390857
713990	4957392	5371	4390857
888515	4977636	5371	4390857
778220	4998654	5371	4390857
874240	4999434	5371	4390857
836935	4997880	5371	4390857
626730	4970628	5371	4390857
866455	5013450	6347	4390857
527465	5009946	6347	4390857
816825	4996710	6347	4390857
646190	4969458	6347	4390857
602075	5041866	6347	4390857
876185	4978026	6347	4390857
780815	4982694	6347	4390857
562820	5020068	6347	4390857
856400	5022792	6347	4390857
629645	5010726	6835	4390369
947555	4981530	6835	4390369
682200	4994766	6835	4390369
636785	4932480	6835	4390369
771730	5000214	6835	4390369
484645	5027850	6835	4390369
802875	4972188	6835	4390369
715935	4958952	6835	4390369
966370	4946106	6835	4390369
532980	5028240	4882	4390857
876185	4980360	4882	4390857
895975	4986588	4882	4390857
880730	5005662	4882	4390857
