	489835	4957782	859862	3829335
	495670	4959726	859862	3829335
	496645	4957392	859862	3829335
	497295	4960506	859862	3829335
	491130	4957392	859862	3829335
	495025	4958172	859862	3829335
	495025	4956228	859862	3829335
	495350	4956612	859862	3829335
	493400	4957002	859862	3829335
	495995	4957392	859862	3829335
	493400	4958172	859862	3829335
	495995	4957002	859862	3829335
	493725	4955448	859862	3829335
	492105	4956612	859862	3829335
	492105	4955838	859862	3829335
	492105	4958952	859862	3829335
	492430	4957392	731444	3845693
	496320	4957392	731444	3845693
	490480	4955058	731444	3845693
	490805	4957782	731444	3845693
	496645	4958562	731444	3845693
	490805	4958172	731444	3845693
	495350	4957392	731444	3845693
	496970	4957392	731444	3845693
	493400	4958952	731444	3845693
	497295	4958172	731444	3845693
	490480	4958952	731444	3845693
	497295	4958172	731444	3845693
	489185	4955448	731444	3845693
	493725	4957392	731444	3845693
	496645	4956612	731444	3845693
	491780	4954668	731444	3845693
	494700	4954668	731444	3845693
	486590	4958562	731444	3839589
	491130	4955838	777343	3839589
	494700	4957002	777343	3839589
	494700	4958562	777343	3839589
	495670	4958952	777343	3839589
	490160	4957782	777343	3839589
	489835	4958172	777343	3839589
	492430	4955058	777343	3839589
	495670	4958562	777343	3839589
	492105	4958562	777343	3839589
	495025	4958952	777343	3839589
	496970	4958562	777343	3839589
	492105	4958562	777343	3839589
	496645	4955838	777343	3839589
	495670	4955838	777343	3839589
	489835	4958562	777343	3839589
	491455	4957782	777343	3839589
	495670	4957002	777343	3839589
	490160	4960506	768066	3841054
	495670	4958562	768066	3841054
	498265	4958562	768066	3841054
	496645	4957782	768066	3841054
	495995	4957002	768066	3841054
	489835	4956228	768066	3841054
	496970	4955448	768066	3841054
	494700	4956228	768066	3841054
	499240	4958952	768066	3841054
	497295	4958172	768066	3841054
	495670	4957782	768066	3841054
	490480	4956228	768066	3841054
	490480	4956228	768066	3841054
	494700	4955058	768066	3841054
	490160	4956612	768066	3841054
	496320	4958562	768066	3841054
	495995	4958562	768066	3841054
	494375	4958562	768066	3841054
	490160	4957782	832519	3833486
	491130	4956612	832519	3833486
	493725	4955838	832519	3833486
	486590	4959726	832519	3833486
	493075	4960116	832519	3833486
	490160	4956612	832519	3833486
	495025	4958172	832519	3833486
	490160	4958172	832519	3833486
	497945	4958952	832519	3833486
	489835	4957002	832519	3833486
	495350	4958562	832519	3833486
	492430	4956612	832519	3833486
	495995	4956612	832519	3833486
	495670	4958562	832519	3833486
	491780	4957782	832519	3833486
	491130	4956228	832519	3833486
	490480	4952334	832519	3833486
	495350	4951164	781249	3838613
	490160	4952334	781249	3838613
	495670	4954278	781249	3838613
	491130	4945716	781249	3838613
	491780	4943382	781249	3838613
	496970	4940268	781249	3838613
	495025	4942992	781249	3838613
	491780	4942212	781249	3838613
	492105	4941432	781249	3838613
	496320	4942212	781249	3838613
	489835	4941042	781249	3838613
	495670	4944156	781249	3838613
	489510	4927422	781249	3838613
	490805	4941432	781249	3838613
	491780	4942212	781249	3838613
	491780	4942212	781249	3838613
	489835	4942992	781249	3838613
	491130	4941822	781249	3838613
	494375	4941822	789550	3836660
	496970	4942992	789550	3836660
	490480	4941822	789550	3836660
	495025	4941822	789550	3836660
	494700	4950774	789550	3836660
	496320	4950384	789550	3836660
	494375	4950000	789550	3836660
	490160	4948830	789550	3836660
	493725	4950384	789550	3836660
	493400	4946880	789550	3836660
	491130	4954278	789550	3836660
	495025	4953888	789550	3836660
	491130	4953498	789550	3836660
	494700	4955838	789550	3836660
	491780	4955838	789550	3836660
	490805	4956612	789550	3836660
	491455	4957002	789550	3836660
	496645	4956612	765624	3840322
	495670	4955838	765624	3840322
	491130	4955448	765624	3840322
	493725	4956228	765624	3840322
	496970	4954278	765624	3840322
	495670	4955448	765624	3840322
	494375	4955058	765624	3840322
	489510	4954278	765624	3840322
	495995	4957002	765624	3840322
	494700	4954668	765624	3840322
	491130	4956228	765624	3840322
	496645	4954278	765624	3840322
	495995	4956612	765624	3840322
	496970	4955448	765624	3840322
	490480	4954278	765624	3840322
	490160	4955058	765624	3840322
	497945	4957002	765624	3840322
	492105	4957002	765624	3840322
	490480	4955838	800780	3837392
	494375	4954278	800780	3837392
	495350	4955838	800780	3837392
	494700	4954278	800780	3837392
	494375	4956228	800780	3837392
	495995	4956228	800780	3837392
	495025	4954278	800780	3837392
	495670	4955448	800780	3837392
	490805	4955838	800780	3837392
	493725	4955448	800780	3837392
	494375	4956228	800780	3837392
	491130	4956228	800780	3837392
	491130	4954668	800780	3837392
	490480	4953114	800780	3837392
	491455	4953888	800780	3837392
	490805	4955448	800780	3837392
	495995	4956228	800780	3837392
	489510	4953888	796386	3838124
	495670	4955448	796386	3838124
	498265	4956228	796386	3838124
	490805	4955058	796386	3838124
	493400	4954668	796386	3838124
	492430	4954278	796386	3838124
	496320	4955448	796386	3838124
	495670	4955058	796386	3838124
	489835	4954668	796386	3838124
	493725	4954278	796386	3838124
	497295	4953498	796386	3838124
	495350	4956228	796386	3838124
	492430	4955448	796386	3838124
	495350	4955058	796386	3838124
	491455	4953888	796386	3838124
	492755	4954278	796386	3838124
	490160	4954668	796386	3838124
	497295	4955838	796386	3838124
	494375	4955058	798827	3835683
	496970	4955058	798827	3835683
	490480	4953888	798827	3835683
	495670	4953498	798827	3835683
	495670	4956228	798827	3835683
	496320	4954278	798827	3835683
	497945	4956228	798827	3835683
	497295	4955448	798827	3835683
	495670	4955838	798827	3835683
	491780	4952334	798827	3835683
	495025	4954278	798827	3835683
	495995	4956612	798827	3835683
	489835	4954668	798827	3835683
	497295	4953888	798827	3835683
	491780	4954278	798827	3835683
	497620	4954278	798827	3835683
	490480	4953114	798827	3835683
	490805	4954278	791015	3835439
	492430	4955058	791015	3835439
	497295	4957782	791015	3835439
	492430	4954278	791015	3835439
	492755	4954668	791015	3835439
	490805	4955448	791015	3835439
	491130	4954278	791015	3835439
	496320	4953498	791015	3835439
	494375	4951944	791015	3835439
	496970	4954668	791015	3835439
	495025	4952334	791015	3835439
	495670	4955058	791015	3835439
	492105	4956228	791015	3835439
	497295	4957392	791015	3835439
	491455	4953888	791015	3835439
	497295	4955448	791015	3835439
	489510	4955448	791015	3835439
	496645	4955058	791015	3835439
	495350	4954278	804687	3833486
	495995	4954278	804687	3833486
	491130	4953114	804687	3833486
	495350	4953498	804687	3833486
	490480	4953498	804687	3833486
	490805	4952724	804687	3833486
	490805	4953498	804687	3833486
	496645	4953888	804687	3833486
	494700	4955058	804687	3833486
	495670	4955838	804687	3833486
	496645	4955058	804687	3833486
