18153	886570	4947270	6347	4384754
18153	757785	4811028	6347	4384754
18153	779515	4808688	6347	4384754
18153	811955	4941432	6347	4384754
18153	1104560	4841388	6347	4384754
18153	821365	4949220	6347	4384754
18153	1090610	4854624	6347	4384754
18153	1106505	4849176	6347	4384754
18153	891760	4899390	6347	4384754
18153	1490265	4766262	6347	4384754
18153	920305	4933260	6347	4384754
18153	1365375	4869804	41503	4381580
18153	878460	4952334	41503	4381580
18153	915765	4739010	41503	4381580
18153	1011135	4781832	41503	4381580
18153	925495	4847226	41503	4381580
18153	1126620	4826208	41503	4381580
18153	927765	4926252	41503	4381580
18153	778545	4961286	41503	4381580
18153	722750	4920024	41503	4381580
18153	852830	4966344	41503	4381580
18153	770110	4983084	41503	4381580
18153	790545	4968294	41503	4381580
18153	743510	4965960	41503	4381580
18153	771730	4915740	41503	4381580
18153	878460	4969074	41503	4381580
18153	1011135	4871754	41503	4381580
18153	745130	4952724	41503	4381580
18153	744485	4958952	41503	4381580
18153	876510	4857348	41503	4381580
18153	1031895	4927806	41503	4381580
18153	1026380	4879152	6347	4384754
18153	1030275	4877592	6347	4384754
18153	933930	4850346	6347	4384754
18153	976750	4923138	6347	4384754
18153	1083150	4863192	6347	4384754
18153	1086720	4941822	6347	4384754
18153	806120	4823484	6347	4384754
18153	815525	4945716	6347	4384754
18153	1272920	4880316	6347	4384754
18153	1220695	4805574	6347	4384754
18153	806440	4962846	6347	4384754
18153	804495	4949220	6347	4384754
18153	986805	4782222	6347	4384754
18153	1229130	4769766	6347	4384754
18153	962800	4765092	6347	4384754
18153	922900	4940268	6347	4384754
18153	892405	4746018	6347	4384754
18153	843100	4798956	6347	4384754
18153	870025	4955448	6347	4384754
18153	869050	4945716	6347	4384754
18153	936525	4770150	6347	4384754
18153	1137000	4790784	37109	4381580
18153	1158085	4833606	37109	4381580
18153	920630	4921968	37109	4381580
18153	798330	4950384	37109	4381580
18153	855100	4938318	37109	4381580
18153	802875	4948830	37109	4381580
18153	863210	4927422	37109	4381580
18153	857370	4950000	37109	4381580
18153	759080	4934034	37109	4381580
18153	798330	4919634	37109	4381580
18153	1060120	4903284	37109	4381580
18153	858670	4932870	37109	4381580
18153	1142190	4903674	37109	4381580
18153	846020	4935204	37109	4381580
18153	873590	4905228	37109	4381580
18153	978045	4909902	37109	4381580
18153	1062715	4832046	37109	4381580
18153	1040980	4847616	37109	4381580
18153	1117860	4869030	37109	4381580
18153	1186310	4821534	37109	4381580
18153	1077310	4850730	37109	4381580
18153	1158410	4843728	5859	4384754
18153	990050	4875258	5859	4384754
18153	778220	4816476	5859	4384754
18153	819740	4933260	5859	4384754
18153	1269355	4938708	5859	4384754
18153	1210640	4800516	5859	4384754
18153	917385	4935984	5859	4384754
18153	1149650	4835160	5859	4384754
18153	1490915	4771710	5859	4384754
18153	885595	4950774	5859	4384754
18153	798980	4775994	5859	4384754
18153	1228805	4797792	5859	4384754
18153	863210	4785336	5859	4384754
18153	1262865	4797402	5859	4384754
18153	925820	4736286	5859	4384754
18153	1088990	4737846	5859	4384754
18153	1370240	4863966	5859	4384754
18153	958585	4908732	5859	4384754
18153	773680	4914186	5371	4384021
18153	812930	4944156	5371	4384021
18153	752915	4917690	5371	4384021
18153	882350	4960116	5371	4384021
18153	801900	4978026	5371	4384021
18153	794115	4907958	5371	4384021
18153	841475	4952724	5371	4384021
18153	763300	4950000	5371	4384021
18153	752915	4961676	5371	4384021
18153	1023460	4867860	5371	4384021
18153	807740	4873698	5371	4384021
18153	919980	4972188	5371	4384021
18153	760055	4969848	5371	4384021
18153	989400	4837500	5371	4384021
18153	1010160	4918854	5371	4384021
18153	1049415	4873308	5371	4384021
18153	1062715	4858518	5371	4384021
18153	1066930	4827768	5371	4384021
18153	1164250	4917690	5371	4384021
18153	1023460	4868250	5371	4384021
18153	1053955	4874868	5371	4384021
18153	822660	4939488	5371	4384021
18153	799305	4822314	5371	4384021
18153	819740	4947660	5371	4384021
18153	1368295	4776768	5371	4384021
18153	1232050	4811802	17578	4383533
18153	817470	4947660	17578	4383533
18153	1076340	4937148	17578	4383533
18153	1310225	4747572	17578	4383533
18153	1126295	4793118	17578	4383533
18153	1006595	4926642	17578	4383533
18153	878460	4946496	17578	4383533
18153	891760	4955448	17578	4383533
18153	933930	4924302	17578	4383533
18153	927765	4800126	17578	4383533
18153	964745	4732782	17578	4383533
18153	999780	4732782	17578	4383533
18153	968640	4864356	17578	4383533
18153	816500	4972962	17578	4383533
18153	896625	4946496	17578	4383533
18153	830445	4948440	17578	4383533
18153	750970	4916520	17578	4383533
18153	816175	4947270	17578	4383533
18153	796060	4960506	5859	4384510
18153	902785	4935594	5859	4384510
18153	789900	4966734	5859	4384510
18153	774650	4954278	5859	4384510
18153	907655	4946880	5859	4384510
18153	1009190	4890438	5859	4384510
18153	750000	4942212	5859	4384510
18153	818770	4922748	5859	4384510
18153	1048115	4872144	5859	4384510
18153	990700	4881096	5859	4384510
18153	889485	4941432	5859	4384510
18153	1081530	4856574	5859	4384510
18153	1051360	4903674	5859	4384510
18153	1067905	4857348	5859	4384510
18153	1123700	4841778	5859	4384510
18153	914465	4955448	5859	4384510
18153	1185660	4808688	5859	4384510
18153	1275190	4779108	5859	4384510
18153	1372510	4767816	5859	4384510
18153	1333260	4752246	5859	4384510
18153	949175	4884210	5859	4384510
18153	978695	4926252	5859	4384510
18153	1197985	4816086	5859	4384510
18153	680255	4851900	5859	4384510
18153	968315	4853844	7812	4383777
18153	999130	4889658	7812	4383777
18153	868725	4946496	7812	4383777
18153	859645	4810638	7812	4383777
18153	1015350	4909902	7812	4383777
18153	1357265	4938318	7812	4383777
18153	935550	4932480	7812	4383777
18153	1472425	4760808	7812	4383777
18153	1490915	4837884	7812	4383777
18153	1128240	4879926	7812	4383777
18153	1087045	4824264	7812	4383777
18153	776600	4969074	7812	4383777
18153	886245	4952334	7812	4383777
18153	798980	4948050	7812	4383777
18153	901815	4928586	7812	4383777
18153	864510	4956612	7812	4383777
18153	781465	4921578	7812	4383777
18153	800280	4941042	7812	4383777
18153	777245	4972962	7812	4383777
18153	738970	4960506	7812	4383777
18153	1033520	4859688	6347	4384754
18153	921600	4947270	6347	4384754
18153	748050	4945326	6347	4384754
18153	807090	4922748	6347	4384754
18153	1057525	4849956	6347	4384754
18153	1017945	4880706	6347	4384754
18153	1065960	4871754	6347	4384754
18153	1086720	4845282	6347	4384754
18153	1196365	4826208	6347	4384754
18153	1075365	4865916	6347	4384754
18153	1024110	4847616	6347	4384754
18153	1200255	4854234	6347	4384754
18153	808065	4957392	6347	4384754
18153	892080	4937928	6347	4384754
18153	1309580	4871364	6347	4384754
18153	1228480	4803630	6347	4384754
18153	1148680	4830102	6347	4384754
18153	776920	4956612	6347	4384754
18153	1049740	4996320	6347	4384754
18153	1449390	4874478	6347	4384754
18153	1490915	4861632	6347	4384754
18153	1490915	4860462	6347	4384754
18153	968965	4790004	6347	4384754
18153	1191500	4854624	6347	4384754
18153	1310225	4784166	86425	4378406
18153	1234965	4912236	86425	4378406
18153	1402680	4881876	86425	4378406
18153	1012755	4828152	86425	4378406
18153	1178525	4828542	86425	4378406
18153	789575	4923138	86425	4378406
18153	942690	4904844	86425	4378406
18153	807090	4969848	86425	4378406
18153	977075	4896276	86425	4378406
18153	800605	4955448	86425	4378406
18153	750320	4935594	86425	4378406
18153	918685	4957002	86425	4378406
18153	764920	4967514	86425	4378406
18153	787625	4972572	86425	4378406
18153	1019570	4881486	86425	4378406
18153	871970	4966344	86425	4378406
18153	775625	4939098	86425	4378406
18153	1062390	4850346	86425	4378406
18153	1059795	4868250	86425	4378406
18153	1036440	4928586	4882	4384510
18153	1094830	4852290	4882	4384510
18153	1075365	4867470	4882	4384510
18153	985830	4846842	4882	4384510
18153	1033520	4850730	4882	4384510
18153	939445	4929366	4882	4384510
18153	1170735	4814142	4882	4384510
18153	1177225	4819200	4882	4384510
18153	791520	4965180	4882	4384510
18153	864835	4927422	4882	4384510
18153	1156465	4823094	4882	4384510
18153	792495	4965570	4882	4384510
18153	1065635	4842558	4882	4384510
18153	1106505	4829712	4882	4384510
18153	1058495	4870974	4882	4384510
18153	1335205	4900170	4882	4384510
18153	1070500	4754190	4882	4384510
18153	1243075	4804800	4882	4384510
18153	1456205	4752636	4882	4384510
18153	1129540	4765872	4882	4384510
18153	895975	4751466	4882	4384510
18153	1069525	4732782	4882	4384510
18153	1166520	4780662	4882	4377918
18153	1100345	4838664	80566	4377918
18153	929710	4921968	80566	4377918
18153	792495	4974522	80566	4377918
18153	749025	4918074	80566	4377918
18153	813905	4968294	80566	4377918
18153	891110	4917690	80566	4377918
18153	889165	4950384	80566	4377918
18153	780165	4959726	80566	4377918
18153	813255	4958562	80566	4377918
18153	798010	4925472	80566	4377918
18153	1023460	4887324	80566	4377918
18153	825255	4922358	80566	4377918
18153	787625	4945326	80566	4377918
18153	874565	4947270	80566	4377918
18153	797685	4911072	80566	4377918
18153	1072770	4876812	80566	4377918
18153	912845	4853844	80566	4377918
18153	1050060	4834380	80566	4377918
18153	1000755	4831656	80566	4377918
18153	1186955	4811802	80566	4377918
18153	1141540	4870584	80566	4377918
18153	1048115	4828542	80566	4377918
18153	1233020	4905228	3906	4384998
18153	862560	4939878	3906	4384998
18153	1190525	4897836	3906	4384998
18153	1303740	4784166	3906	4384998
18153	1220045	4809468	3906	4384998
18153	804170	4955838	3906	4384998
18153	831745	4940268	3906	4384998
18153	1085095	4871364	3906	4384998
18153	1118510	4862412	3906	4384998
18153	983235	4777158	3906	4384998
18153	1282005	4785726	3906	4384998
18153	1211610	4817256	3906	4384998
18153	856075	4802850	3906	4384998
18153	943010	4755360	3906	4384998
18153	809035	4777938	3906	4384998
18153	873915	4909122	3906	4384998
18153	968315	4732002	3906	4384998
18153	1220370	4772880	3906	4384998
18153	1086395	4840998	3906	4384998
18153	741565	4919634	4882	4384021
18153	909925	4946880	4882	4384021
18153	745130	4917300	4882	4384021
18153	881375	4946496	4882	4384021
18153	797685	4949220	4882	4384021
18153	803845	4951554	4882	4384021
18153	929710	4953114	4882	4384021
18153	763945	4952334	4882	4384021
18153	793790	4969074	4882	4384021
18153	754865	4920024	4882	4384021
18153	1053305	4865916	4882	4384021
18153	958910	4949610	4882	4384021
18153	769785	4940268	4882	4384021
18153	810660	4943766	4882	4384021
18153	1063040	4858128	4882	4384021
18153	998485	4871754	4882	4384021
18153	868400	4840224	4882	4384021
18153	1109750	4860852	4882	4384021
18153	963775	4935594	4882	4384021
18153	1125645	4852680	4882	4384021
18153	1092235	4865136	4882	4384021
18153	823310	4842168	4882	4384021
18153	1195390	4811418	4882	4384021
18153	1186955	4812192	4882	4384021
18153	852830	4930920	4882	4384021
18153	897595	4948830	4882	4384021
18153	1228155	4842948	4882	4384021
18153	830445	4948830	14648	4384266
18153	1152245	4848396	14648	4384266
18153	985185	4828542	14648	4384266
18153	899870	4946106	14648	4384266
18153	791520	4919634	14648	4384266
18153	867105	4944936	14648	4384266
18153	1033845	4929366	14648	4384266
18153	832070	4804020	14648	4384266
18153	941065	4737456	14648	4384266
18153	1387110	4867860	14648	4384266
18153	1150950	4914960	14648	4384266
18153	1245670	4798572	14648	4384266
18153	866130	4923918	14648	4384266
18153	870995	4874478	14648	4384266
18153	915765	4932870	14648	4384266
18153	1004645	4876812	14648	4384266
18153	927765	4911456	14648	4384266
18153	928740	4907958	14648	4384266
18153	815850	4946106	5371	4384266
18153	778870	4944546	5371	4384266
18153	828500	4883430	5371	4384266
18153	925495	4951944	5371	4384266
18153	1045520	4853460	5371	4384266
18153	762650	4942992	5371	4384266
18153	811310	4870194	5371	4384266
18153	973180	4958562	5371	4384266
18153	967015	4847226	5371	4384266
18153	1044225	4882650	5371	4384266
18153	1088665	4846062	5371	4384266
18153	1064010	4829712	5371	4384266
18153	802875	4817646	5371	4384266
18153	1104885	4847226	5371	4384266
18153	1122080	4847616	5371	4384266
18153	1204475	4806744	5371	4384266
18153	1212910	4945716	5371	4384266
18153	1240480	4801686	5371	4384266
18153	1219395	4791954	5371	4384266
18153	860940	4953114	5371	4384266
18153	872295	4907958	5371	4384266
18153	1351425	4840614	5371	4384266
18153	1490590	4877592	6347	4384266
18153	1379970	4904844	6347	4384266
18153	1324500	4890048	6347	4384266
18153	922250	4937538	6347	4384266
18153	965070	4913016	6347	4384266
18153	1359210	4864746	6347	4384266
18153	944960	4791564	6347	4384266
18153	840505	4775214	6347	4384266
18153	1035140	4893162	6347	4384266
18153	910250	4883430	6347	4384266
18153	814230	4924302	6347	4384266
18153	890460	4951944	6347	4384266
18153	794440	4950384	6347	4384266
18153	897595	4902114	6347	4384266
18153	749025	4913016	6347	4384266
18153	921600	4918464	6347	4384266
18153	803200	4944156	6347	4384266
18153	786330	4967904	6347	4384266
18153	764920	4942992	6347	4384266
18153	800280	4960896	6347	4384266
18153	1041955	4886934	6347	4384266
18153	1030600	4903284	6347	4384510
18153	875215	4892382	6347	4384510
18153	797685	4920414	6347	4384510
18153	981290	4908342	6347	4384510
18153	1171710	4844892	6347	4384510
18153	1360185	4754580	6347	4384510
18153	1230100	4824648	6347	4384510
18153	1212585	4747962	6347	4384510
18153	961825	4909512	6347	4384510
18153	1268380	4867860	6347	4384510
18153	1406250	4778328	6347	4384510
18153	1086070	4844502	6347	4384510
18153	1258970	4820370	6347	4384510
18153	655925	4757694	6347	4384510
18153	881700	4871364	6347	4384510
18153	1197660	4875258	6347	4384510
18153	1338775	4897836	6347	4384510
18153	1207720	4817256	6347	4382313
18153	958260	4730448	25878	4382313
18153	901490	4781052	25878	4382313
18153	996215	4870584	25878	4382313
18153	1068875	4804800	25878	4382313
18153	1185660	4838274	25878	4382313
18153	895975	4935204	25878	4382313
18153	786005	4948050	25878	4382313
18153	768810	4911456	25878	4382313
18153	894675	4947270	25878	4382313
18153	829150	4939488	25878	4382313
18153	811630	4946496	25878	4382313
18153	805145	4931700	25878	4382313
18153	806440	4903284	25878	4382313
18153	917710	4941432	25878	4382313
18153	898570	4843338	25878	4382313
18153	1136675	4834380	25878	4382313
18153	879430	4896666	25878	4382313
18153	905380	4890048	25878	4382313
18153	1131810	4828152	25878	4382313
18153	1147055	4838274	25878	4384266
18153	992645	4924302	4394	4384266
18153	1198310	4840998	4394	4384266
18153	1148355	4850730	4394	4384266
18153	888515	4830492	4394	4384266
18153	1212910	4808688	4394	4384266
18153	935875	4909122	4394	4384266
18153	1197015	4815696	4394	4384266
18153	783735	4785726	4394	4384266
18153	956310	4771710	4394	4384266
18153	1187280	4833996	4394	4384266
18153	1225885	4805574	4394	4384266
18153	1116890	4813362	4394	4384266
18153	1242430	4838664	4394	4384266
18153	924845	4860072	4394	4384266
18153	1312500	4886544	4394	4384266
18153	884620	4942992	4394	4384266
18153	899545	4928976	4394	4384266
18153	864510	4929756	4394	4384266
18153	1004970	4859298	4394	4384266
18153	1489940	4863966	4394	4384266
18153	1198310	4911072	31249	4382313
18153	1169440	4844502	31249	4382313
18153	807415	4966734	31249	4382313
18153	835640	4906398	31249	4382313
18153	810010	4944546	31249	4382313
18153	843100	4915350	31249	4382313
18153	810010	4947660	31249	4382313
18153	812605	4906788	31249	4382313
18153	858995	4941822	31249	4382313
18153	768810	4959342	31249	4382313
18153	787305	4943382	31249	4382313
18153	798655	4911846	31249	4382313
18153	1073745	4845672	31249	4382313
18153	798655	4905228	31249	4382313
18153	1014380	4915740	31249	4382313
18153	988425	4825038	31249	4382313
18153	1110400	4865136	31249	4382313
18153	1089965	4825818	31249	4382313
18153	1087370	4804800	31249	4382313
18153	1196690	4916130	31249	4382313
18153	1048765	4829712	31249	4382313
18153	1240480	4795068	3906	4384266
18153	908950	4935984	3906	4384266
18153	1204150	4800906	3906	4384266
18153	1257350	4793118	3906	4384266
18153	807090	4804800	3906	4384266
18153	823310	4930536	3906	4384266
18153	1177225	4925862	3906	4384266
18153	793790	4816086	3906	4384266
18153	1065635	4847616	3906	4384266
18153	1490265	4814922	3906	4384266
18153	1414035	4783386	3906	4384266
18153	869700	4938318	3906	4384266
18153	955340	4928196	3906	4384266
18153	1218750	4924692	3906	4384266
18153	800280	4801296	3906	4384266
18153	923550	4754970	3906	4384266
18153	853155	4782996	3906	4384266
18153	1329365	4885380	3906	4384266
18153	946255	4733562	3906	4384266
18153	1164900	4793118	3906	4384266
18153	1121105	4835940	3906	4384021
18153	898895	4921188	8300	4384021
18153	887215	4941432	8300	4384021
18153	799305	4879152	8300	4384021
18153	872620	4917690	8300	4384021
18153	858345	4924692	8300	4384021
18153	932305	4874478	8300	4384021
18153	848290	4920414	8300	4384021
18153	860615	4859688	8300	4384021
18153	1018595	4921578	8300	4384021
18153	995890	4823094	8300	4384021
18153	1110075	4875648	8300	4384021
18153	894030	4924302	8300	4384021
18153	857050	4938318	8300	4384021
18153	814875	4898226	8300	4384021
18153	1100990	4846452	8300	4384021
18153	1074715	4844502	8300	4384021
18153	991995	4847226	8300	4384021
18153	1103910	4831266	8300	4384021
18153	1136350	4903674	8300	4384021
18153	1227505	4810638	8300	4384021
18153	1138300	4820760	8300	4384021
18153	950475	4756530	8300	4384021
18153	1308930	4788840	8300	4384021
18153	976100	4918074	8300	4384021
18153	1314120	4932480	21972	4383289
18153	929390	4916520	21972	4383289
18153	903760	4910292	21972	4383289
18153	1276165	4785726	21972	4383289
18153	1275515	4740570	21972	4383289
18153	1209340	4813362	21972	4383289
18153	1393595	4908342	21972	4383289
18153	1292385	4788060	21972	4383289
18153	1218750	4922358	21972	4383289
18153	1251185	4793898	21972	4383289
18153	1489290	4742904	21972	4383289
18153	1273245	4907958	21972	4383289
18153	1105535	4758474	21972	4383289
18153	1390030	4862022	21972	4383289
18153	1299195	4837500	21972	4383289
18153	1192145	4813362	21972	4383289
18153	810985	4966344	21972	4383289
18153	916410	4914186	21972	4383289
18153	933605	4942212	21972	4383289
18153	811630	4951944	5859	4384266
18153	805145	4953888	5859	4384266
18153	824610	4875258	5859	4384266
18153	943985	4965570	5859	4384266
18153	766540	4941822	5859	4384266
18153	808065	4968684	5859	4384266
18153	1062390	4855014	5859	4384266
18153	908300	4955448	5859	4384266
18153	1027355	4873308	5859	4384266
18153	881700	4868640	5859	4384266
18153	1001080	4872144	5859	4384266
18153	1169115	4859688	5859	4384266
18153	1152570	4861632	5859	4384266
18153	1134080	4830492	5859	4384266
18153	1222965	4877982	5859	4384266
18153	1068875	4844112	5859	4384266
18153	1005945	4868250	5859	4384266
18153	1022165	4928196	5859	4384266
18153	841475	4947660	5859	4384266
18153	878460	4933260	5859	4384266
18153	1301145	4780662	5859	4384266
18153	1230100	4930146	5859	4384266
18153	873915	4947270	5859	4384266
18153	1061415	4986198	5859	4384266
18153	1074070	4831656	5859	4384266
18153	991995	4850730	5859	4384266
18153	1083150	4796232	5859	4384266
18153	966045	4895886	5859	4384266
18153	1201230	4813752	5859	4384266
18153	840505	4774044	5859	4384266
18153	839530	4797012	5859	4384266
18153	1344935	4882650	5859	4384266
18153	1478585	4805964	5859	4384266
18153	1482805	4856574	5859	4384266
18153	1133430	4913796	5859	4384266
18153	1169765	4816866	5859	4384266
18153	826555	4942602	5859	4384266
18153	840180	4917300	5859	4384266
18153	929390	4916910	5859	4384266
18153	812280	4966734	5859	4384266
18153	792495	4935204	5859	4384266
18153	896300	4915350	5859	4384266
18153	858995	4907568	5859	4384266
18153	932955	4943382	6347	4384266
18153	810660	4895886	6347	4384266
18153	1050060	4896666	6347	4384266
18153	821365	4900560	6347	4384266
18153	798330	4967124	6347	4384266
18153	927115	4935594	6347	4384266
18153	909275	4844892	6347	4384266
18153	1083150	4938708	6347	4384266
18153	1058495	4848006	6347	4384266
18153	1090285	4846842	6347	4384266
18153	1145110	4901340	6347	4384266
18153	1070825	4846842	6347	4384266
18153	821690	4940268	6347	4384266
18153	1215830	4850730	6347	4384266
18153	1241780	4806354	6347	4384266
18153	814550	4947660	6347	4384266
18153	883970	4946106	6347	4384266
18153	1018270	4929366	6347	4384266
18153	1156140	4814922	6347	4384266
18153	979995	4812192	6347	4384266
18153	428845	5047314	6347	4384266
18153	1336180	4744458	6347	4384266
18153	1026380	4776768	22460	4383289
18153	1287195	4866306	22460	4383289
18153	1200905	4845282	22460	4383289
18153	1147380	4737066	22460	4383289
18153	978045	4730838	22460	4383289
18153	902140	4757304	22460	4383289
18153	1033845	4730448	22460	4383289
18153	1270325	4896666	22460	4383289
18153	1185985	4821534	22460	4383289
18153	827205	4951164	22460	4383289
18153	895975	4883430	22460	4383289
18153	814875	4966734	22460	4383289
18153	945285	4914186	22460	4383289
18153	908950	4943766	22460	4383289
18153	822015	4943382	22460	4383289
18153	785030	4942992	22460	4383289
18153	840180	4938708	22460	4383289
18153	824935	4935204	22460	4383289
18153	860290	4851510	22460	4383289
18153	782435	4944156	4882	4384021
18153	817470	4964400	4882	4384021
18153	774650	4942602	4882	4384021
18153	994590	4842948	4882	4384021
18153	1092560	4872144	4882	4384021
18153	1069525	4835160	4882	4384021
18153	1126295	4841388	4882	4384021
18153	872620	4800906	4882	4384021
18153	1070825	4828542	4882	4384021
18153	1073420	4838274	4882	4384021
18153	1265785	4791954	4882	4384021
18153	918035	4945326	4882	4384021
18153	1335205	4779882	4882	4384021
18153	1233670	4802850	4882	4384021
18153	841150	4933650	4882	4384021
18153	999455	4929756	4882	4384021
18153	1177225	4858908	4882	4384021
18153	368835	5090136	4882	4384021
18153	1115265	4837110	4882	4384021
18153	963775	4869804	4882	4384021
18153	1334880	4916910	4882	4384021
18153	918360	4885764	4882	4384021
18153	925170	4925862	4882	4384021
18153	868075	4775214	38085	4381824
18153	1250540	4781442	38085	4381824
18153	1152245	4747962	38085	4381824
18153	977720	4732782	38085	4381824
18153	1019570	4833606	38085	4381824
18153	1153220	4909122	38085	4381824
18153	782115	4940268	38085	4381824
18153	907980	4927032	38085	4381824
18153	884945	4921578	38085	4381824
18153	767190	4890048	38085	4381824
18153	903110	4931310	38085	4381824
18153	835640	4946496	38085	4381824
18153	769135	4906398	38085	4381824
18153	939120	4935204	38085	4381824
18153	825580	4928196	38085	4381824
18153	817470	4892772	38085	4381824
18153	806765	4957002	38085	4381824
18153	970260	4838664	38085	4381824
18153	1008540	4940652	38085	4381824
18153	762000	4947270	38085	4381824
18153	844720	4872144	38085	4381824
18153	1135705	4841778	38085	4381824
18153	882675	4884210	38085	4381824
18153	1044870	4889658	5371	4384266
18153	1156465	4829712	5371	4384266
18153	1083475	4857348	5371	4384266
18153	1106185	4860852	5371	4384266
18153	831745	4946880	5371	4384266
18153	1176900	4871754	5371	4384266
18153	1226535	4801296	5371	4384266
18153	795415	4777158	5371	4384266
18153	1218425	4792728	5371	4384266
18153	835315	4936764	5371	4384266
18153	874890	4927032	5371	4384266
18153	1167170	4821150	5371	4384266
18153	796060	5066778	5371	4384266
18153	985185	4838274	5371	4384266
18153	849260	4862412	5371	4384266
18153	811955	4927806	5371	4384266
18153	790545	4897056	5371	4384266
18153	1230100	4787670	5371	4384266
18153	1489290	4753806	5371	4384266
18153	1327095	4863966	5371	4384266
22184	819740	5007612	5371	4385242
22184	718530	4772880	5371	4385242
22184	1212910	4983864	5371	4385242
22184	629645	4854624	5371	4385242
22184	737345	4993206	5371	4385242
22184	729885	4987758	5371	4385242
22184	712690	4803240	5371	4385242
22184	1172360	4959726	5371	4385242
22184	1063685	4934814	5371	4385242
22184	823960	4946496	5371	4385242
22184	972210	4947270	5371	4385242
22184	984535	4924692	5371	4385242
22184	721775	4968684	5371	4385242
22184	606940	5014614	5371	4385242
22184	557955	4986588	4394	4385242
22184	738645	5009166	4394	4385242
22184	664680	5010336	4394	4385242
22184	559900	4984254	4394	4385242
22184	601425	5016564	4394	4385242
22184	620890	4993206	4394	4385242
22184	714315	4988148	4394	4385242
22184	899220	4915740	4394	4385242
22184	680255	4953498	4394	4385242
22184	750645	4996320	4394	4385242
22184	880730	4939488	4394	4385242
22184	922250	4933260	4394	4385242
22184	758755	4987368	4394	4385242
22184	815525	4930146	4394	4385242
22184	845045	4981530	4394	4385242
22184	893055	4942212	4394	4385242
22184	882025	4920804	4394	4385242
22184	971885	4885380	4394	4385242
22184	982590	4878762	4394	4385242
22184	624130	5013840	4394	4385242
22184	621535	5006052	4394	4385242
22184	948525	4994376	4394	4385242
22184	902785	4910292	5371	4384998
22184	897275	4908732	5371	4384998
22184	917710	4930920	5371	4384998
22184	921600	4905618	5371	4384998
22184	834340	4922748	5371	4384998
22184	714965	4814922	5371	4384998
22184	1229455	4971408	5371	4384998
22184	1110075	4825038	5371	4384998
22184	604020	4843338	5371	4384998
22184	1099370	4847226	5371	4384998
22184	1306335	4790784	5371	4384998
22184	826880	4913406	5371	4384998
22184	975775	4932480	5371	4384998
22184	911220	4951554	5371	4384998
22184	864510	4958562	5371	4384998
22184	916735	4920414	5371	4384998
22184	615050	5012670	5371	4384998
22184	698745	4977636	5371	4384998
22184	678305	5001768	5371	4384998
22184	607265	5021622	5371	4384998
22184	595260	4983474	5371	4384998
22184	606290	5011890	5371	4384998
22184	568335	5012280	5859	4385242
22184	617320	4974132	5859	4385242
22184	865480	4946496	5859	4385242
22184	614400	4974522	5859	4385242
22184	730860	5019288	5859	4385242
22184	589420	5009166	5859	4385242
22184	608885	4947270	5859	4385242
22184	827530	4958952	5859	4385242
22184	912195	4921968	5859	4385242
22184	881700	4913796	5859	4385242
22184	628675	4875258	5859	4385242
22184	802225	4906788	5859	4385242
22184	829800	4915740	5859	4385242
22184	904085	4849956	5859	4385242
22184	991345	4876812	5859	4385242
22184	663060	5009946	5859	4385242
22184	668250	5003328	5859	4385242
22184	1043250	4985808	5859	4385242
22184	974480	4879926	5859	4385242
22184	957935	4911072	5859	4385242
22184	794115	5008776	5859	4385242
22184	1116890	4936374	12695	4384754
22184	681225	5010336	12695	4384754
22184	659815	4857738	12695	4384754
22184	742535	4852680	12695	4384754
22184	641975	4863192	12695	4384754
22184	660465	4846452	12695	4384754
22184	956635	4828932	12695	4384754
22184	973180	4951944	12695	4384754
22184	843425	4905618	12695	4384754
22184	895000	4853070	12695	4384754
22184	880080	4828932	12695	4384754
22184	992645	4872144	12695	4384754
22184	694525	5002938	12695	4384754
22184	840505	4996320	12695	4384754
22184	700365	5002548	12695	4384754
22184	655600	4981530	12695	4384754
22184	628350	5007612	12695	4384754
22184	689010	5013840	12695	4384754
22184	738645	5002158	12695	4384754
22184	612455	4974522	12695	4384754
22184	877810	4933260	12695	4384754
22184	625755	4972962	5859	4385242
22184	691605	5017344	5859	4385242
22184	573850	5008386	5859	4385242
22184	747080	4941432	5859	4385242
22184	854455	4939488	5859	4385242
22184	796385	4929756	5859	4385242
22184	836285	4916910	5859	4385242
22184	800280	4916910	5859	4385242
22184	718530	4987758	5859	4385242
22184	609210	4873698	5859	4385242
22184	648140	5005662	5859	4385242
22184	1041305	4978416	5859	4385242
22184	1031570	4863966	5859	4385242
22184	628675	5011110	5859	4385242
22184	862240	4931310	5859	4385242
22184	874565	4931310	5859	4385242
22184	943985	4763922	5859	4385242
22184	1320605	4979190	5859	4385242
22184	718530	4947270	5859	4385242
22184	1056875	4860462	5859	4385242
22184	632240	4840998	10253	4384754
22184	1091260	4848006	10253	4384754
22184	745780	4785726	10253	4384754
22184	649760	4944156	10253	4384754
22184	938795	4914576	10253	4384754
22184	945930	4874478	10253	4384754
22184	982590	4887324	10253	4384754
22184	645540	4988922	10253	4384754
22184	571580	4991652	10253	4384754
22184	754215	4981140	10253	4384754
22184	622185	5009166	10253	4384754
22184	612130	5018898	10253	4384754
22184	572230	4983084	10253	4384754
22184	622185	4964400	10253	4384754
22184	738645	5006832	10253	4384754
22184	710420	4930920	10253	4384754
22184	676035	5016174	10253	4384754
22184	571255	5010726	10253	4384754
22184	658195	4949610	10253	4384754
22184	857695	4937148	10253	4384754
22184	875865	4943766	5371	4385242
22184	729235	4883430	5371	4385242
22184	894355	4904844	5371	4385242
22184	854130	4931310	5371	4385242
22184	834340	4928586	5371	4385242
22184	761025	4858518	5371	4385242
22184	967340	4993206	5371	4385242
22184	1060445	4857738	5371	4385242
22184	1021190	4862412	5371	4385242
22184	664680	5004498	5371	4385242
22184	677660	4998264	5371	4385242
22184	967015	4917690	5371	4385242
22184	864185	4906788	5371	4385242
22184	954365	4927806	5371	4385242
22184	1042275	4839444	5371	4385242
22184	1260270	4966734	5371	4385242
22184	1043250	4863576	5371	4385242
22184	718855	4850346	5371	4385242
22184	1169115	4868640	5371	4385242
22184	1175605	4795842	5371	4385242
22184	1017300	4828542	5371	4385242
22184	894355	4938708	55175	4381580
22184	782760	4943382	55175	4381580
22184	845695	4879926	55175	4381580
22184	739615	4983084	55175	4381580
22184	615050	5008776	55175	4381580
22184	613750	4979580	55175	4381580
22184	691280	5002938	55175	4381580
22184	613750	5020458	55175	4381580
22184	718205	4999824	55175	4381580
22184	573525	5011500	55175	4381580
22184	608885	4981140	55175	4381580
22184	727290	4999434	55175	4381580
22184	677660	4953888	55175	4381580
22184	701015	5018118	55175	4381580
22184	571255	5006052	55175	4381580
22184	893055	4948830	55175	4381580
22184	815200	4941432	55175	4381580
22184	784710	4953498	55175	4381580
22184	995890	4932480	55175	4381580
22184	812930	4926252	55175	4381580
22184	923875	4927806	5371	4385486
22184	687065	5002938	5371	4385486
22184	989075	4980750	5371	4385486
22184	1086395	4843728	5371	4385486
22184	641650	5003718	5371	4385486
22184	879105	4988148	5371	4385486
22184	908950	4914960	5371	4385486
22184	889165	4923918	5371	4385486
22184	893055	4919634	5371	4385486
22184	1322230	4951164	5371	4385486
22184	618940	4804800	5371	4385486
22184	1087370	4847616	5371	4385486
22184	1062390	4979190	5371	4385486
22184	728585	4993206	5371	4385486
22184	1196690	4983864	5371	4385486
22184	1289465	4886544	5371	4385486
22184	917710	4944936	5371	4385486
22184	799955	4946880	5371	4385486
22184	931660	4935984	5371	4385486
22184	901490	4918074	5371	4384998
22184	803525	5004882	5371	4384998
22184	696470	4983084	5371	4384998
22184	653975	5006052	5371	4384998
22184	613425	5020068	5371	4384998
22184	694200	4974132	5371	4384998
22184	617645	5007222	5371	4384998
22184	734750	5017728	5371	4384998
22184	595260	5010726	5371	4384998
22184	808715	4939098	5371	4384998
22184	806120	4999434	5371	4384998
22184	607265	5017728	5371	4384998
22184	746105	5002938	5371	4384998
22184	874890	4935594	5371	4384998
22184	849585	4927806	5371	4384998
22184	886890	4932090	5371	4384998
22184	822660	4941042	5371	4384998
22184	866455	4967904	5371	4384998
22184	796385	4933650	5371	4384998
22184	754540	4991262	5371	4384998
22184	1048440	4867860	5371	4384998
22184	611155	5011890	5371	4384998
22184	663710	5009946	7324	4384754
22184	700365	4993986	7324	4384754
22184	625105	4915740	7324	4384754
22184	855425	4930536	7324	4384754
22184	894030	4855794	7324	4384754
22184	609535	4807524	7324	4384754
22184	691930	4845282	7324	4384754
22184	1015030	4868250	7324	4384754
22184	1063040	4853844	7324	4384754
22184	1180470	4972962	7324	4384754
22184	645540	4815306	7324	4384754
22184	1150625	4953114	7324	4384754
22184	1086720	4881486	7324	4384754
22184	844070	4940268	7324	4384754
22184	905060	4918854	7324	4384754
22184	785680	4895886	7324	4384754
22184	664680	4997880	7324	4384754
22184	802225	4989312	7324	4384754
22184	706855	4977636	7324	4384754
22184	701665	4944546	5371	4384754
22184	716910	4998654	5371	4384754
22184	570930	5009946	5371	4384754
22184	605640	5015394	5371	4384754
22184	572555	5006442	5371	4384754
22184	739615	4932870	5371	4384754
22184	604670	5002158	5371	4384754
22184	634835	4970628	5371	4384754
22184	703935	5013060	5371	4384754
22184	859965	4921188	5371	4384754
22184	826230	4977636	5371	4384754
22184	786005	4920024	5371	4384754
22184	898895	4928586	5371	4384754
22184	925170	5006052	5371	4384754
22184	879105	4944546	5371	4384754
22184	1018595	4971408	5371	4384754
22184	674090	5002158	5371	4384754
22184	1086395	4845672	5371	4384754
22184	603695	4916520	5371	4384754
22184	870995	4941042	5371	4384754
22184	887540	5015394	4882	4384998
22184	966045	4887324	4882	4384998
22184	684470	4810248	4882	4384998
22184	678630	4956228	4882	4384998
22184	1079580	4848006	4882	4384998
22184	766865	4999434	4882	4384998
22184	903110	4988148	4882	4384998
22184	651705	4830882	4882	4384998
22184	1239185	4802850	4882	4384998
22184	962800	4950774	4882	4384998
22184	929065	4912626	4882	4384998
22184	893380	4950384	4882	4384998
22184	843750	4913406	4882	4384998
22184	906030	4909902	4882	4384998
22184	724695	5005272	4882	4384998
22184	600125	4962456	4882	4384998
22184	723075	5002938	4882	4384998
22184	616025	5019288	4882	4384998
22184	593315	5016954	4882	4384998
22184	706530	5005662	4882	4384998
22184	609535	5013060	4882	4384998
22184	603370	4979190	4882	4384998
22184	664355	5001768	4882	4384998
22184	895975	4931310	6347	4385242
22184	705880	5015004	6347	4385242
22184	595260	5006832	6347	4385242
22184	628025	4979970	6347	4385242
22184	833690	4953114	6347	4385242
22184	873915	4942992	6347	4385242
22184	828500	4951944	6347	4385242
22184	885595	4934814	6347	4385242
22184	973505	4876038	6347	4385242
22184	854130	4907178	6347	4385242
22184	830125	4929366	6347	4385242
22184	1031570	4963620	6347	4385242
22184	996860	4873308	6347	4385242
22184	1084125	4849176	6347	4385242
22184	1021840	4867860	6347	4385242
22184	640030	4994376	6347	4385242
22184	921280	4932480	6347	4385242
22184	878460	4925862	6347	4385242
22184	838880	5048484	6347	4385242
22184	892080	4928586	6347	4385242
22184	679930	4996710	6347	4385242
22184	732155	5002548	6347	4385242
22184	666955	5000604	7324	4385242
22184	996860	4978806	7324	4385242
22184	1120780	4841778	7324	4385242
22184	655925	4822314	7324	4385242
22184	928090	4894332	7324	4385242
22184	858995	4871754	7324	4385242
22184	936200	4903674	7324	4385242
22184	785680	4938318	7324	4385242
22184	574500	4967904	7324	4385242
22184	691930	5007612	7324	4385242
22184	573850	4977246	7324	4385242
22184	724370	4982694	7324	4385242
22184	696150	5002548	7324	4385242
22184	638405	5004108	7324	4385242
22184	592015	5003718	7324	4385242
22184	626405	4975692	7324	4385242
22184	720155	5002938	7324	4385242
22184	779515	4996320	6347	4385242
22184	916085	4923528	6347	4385242
22184	844720	4924302	6347	4385242
22184	760705	4939488	6347	4385242
22184	620565	4878372	6347	4385242
22184	879430	4932090	6347	4385242
22184	668250	4867080	6347	4385242
22184	974480	4882266	6347	4385242
22184	1151920	4839834	6347	4385242
22184	697770	4989702	6347	4385242
22184	974480	4974522	6347	4385242
22184	1012435	4870194	6347	4385242
22184	739290	4874088	6347	4385242
22184	898245	4918464	6347	4385242
22184	1275190	4883040	6347	4385242
22184	856725	4933650	6347	4385242
22184	1166520	4977636	6347	4385242
22184	1080230	4957782	6347	4385242
22184	732805	4980360	6347	4385242
22184	1017945	4975692	6347	4385242
22184	794765	4818036	6347	4385242
22184	1185660	4946880	6347	4384754
22184	1181120	4948830	6347	4384754
22184	917710	4925082	6347	4384754
22184	883970	4951164	6347	4384754
22184	811630	4941042	6347	4384754
22184	907330	4918074	6347	4384754
22184	721125	4972188	6347	4384754
22184	628025	5018898	6347	4384754
22184	782760	4986588	6347	4384754
22184	692255	5006442	6347	4384754
22184	616995	5007612	6347	4384754
22184	568660	4978026	6347	4384754
22184	736695	5012670	6347	4384754
22184	573525	5007996	6347	4384754
22184	616670	4974912	6347	4384754
22184	856400	4935204	6347	4384754
22184	583260	5002938	6347	4384754
22184	674415	4999434	6347	4384754
22184	739615	4995540	6347	4384754
22184	838235	4939488	6347	4384754
22184	855100	4891998	6347	4384754
22184	952420	4928976	6347	4384754
22184	673765	5009166	5371	4384998
22184	866780	4924302	5371	4384998
22184	726315	4996710	5371	4384998
22184	964745	4879152	5371	4384998
22184	989400	4873698	5371	4384998
22184	650735	5007612	5371	4384998
22184	1038710	4861632	5371	4384998
22184	600450	4905228	5371	4384998
22184	639055	5000994	5371	4384998
22184	791520	4932480	5371	4384998
22184	617645	5024736	5371	4384998
22184	513190	4912626	5371	4384998
22184	908300	4951554	5371	4384998
22184	766540	4985808	5371	4384998
22184	642625	4875648	5371	4384998
22184	676685	4860072	5371	4384998
22184	1180470	4819980	5371	4384998
22184	1074390	4990482	5371	4384998
22184	980640	4960896	5371	4384998
22184	893705	4915350	5371	4384998
22184	935225	4928196	5371	4384998
22184	784710	4948830	5859	4384998
22184	953715	4896666	5859	4384998
22184	629000	5004882	5859	4384998
22184	626730	5015784	5859	4384998
22184	762975	5002158	5859	4384998
22184	625430	5013840	5859	4384998
22184	572555	4970238	5859	4384998
22184	709775	4985418	5859	4384998
22184	592990	5007222	5859	4384998
22184	723075	5015004	5859	4384998
22184	873265	4918074	5859	4384998
22184	620565	5015394	5859	4384998
22184	777245	5000604	5859	4384998
22184	613105	5005272	5859	4384998
22184	922250	4933650	5859	4384998
22184	866130	4962846	5859	4384998
22184	919330	4921188	5859	4384998
22184	771730	5003328	5859	4384998
22184	876835	4922748	5859	4384998
22184	885920	4936764	5859	4384998
22184	972530	4859688	5859	4384998
22184	993940	4874088	5859	4384998
22184	613425	5005272	6347	4385242
22184	873265	4988922	6347	4385242
22184	972855	4881096	6347	4385242
22184	605320	4914186	6347	4385242
22184	869050	4935204	6347	4385242
22184	858995	4918854	6347	4385242
22184	1115590	4835550	6347	4385242
22184	1014055	4882266	6347	4385242
22184	788925	4986588	6347	4385242
22184	665005	4939488	6347	4385242
22184	746430	4995540	6347	4385242
22184	782115	4996320	6347	4385242
22184	686415	4849566	6347	4385242
22184	1152245	4950384	6347	4385242
22184	878780	4871364	6347	4385242
22184	985510	4925472	6347	4385242
22184	783735	4946496	6347	4385242
22184	803845	4914576	6347	4385242
22184	608885	4986198	6347	4385242
22184	710095	5011110	6347	4385242
22184	567690	4977246	5371	4384998
22184	727940	4945326	5371	4384998
22184	684470	5007222	5371	4384998
22184	802875	4986198	5371	4384998
22184	679605	4971018	5371	4384998
22184	789900	4997100	5371	4384998
22184	929065	4918854	5371	4384998
22184	747400	5013840	5371	4384998
22184	591370	5010726	5371	4384998
22184	675060	4950774	5371	4384998
22184	785030	4958952	5371	4384998
22184	798330	4937148	5371	4384998
22184	874565	4935204	5371	4384998
22184	909275	4932870	5371	4384998
22184	980640	4879926	5371	4384998
22184	895325	4923918	5371	4384998
22184	1023785	4867080	5371	4384998
22184	808390	4975302	5371	4384998
22184	1053955	4859688	5371	4384998
22184	1012755	4869030	5371	4384998
22184	688040	4995150	5371	4384998
22184	870995	4977246	5371	4384998
22184	1006920	4852290	5371	4384754
22184	964420	4915740	5371	4384754
22184	955340	4864356	5371	4384754
22184	1223615	4861632	5371	4384754
22184	967015	4909512	5371	4384754
22184	922900	4924302	5371	4384754
22184	739940	4985418	5371	4384754
22184	679930	4877202	5371	4384754
22184	712045	4838664	5371	4384754
22184	725670	4856574	5371	4384754
22184	780165	4902114	5371	4384754
22184	814875	4914186	5371	4384754
22184	908625	4902114	5371	4384754
22184	1056875	4939098	5371	4384754
22184	824935	4839834	5371	4384754
22184	919655	4915350	5371	4384754
22184	627700	5002548	5371	4384754
22184	699390	4990092	5371	4384754
22184	616670	4991262	5371	4384754
22184	606615	4985034	5371	4384754
22184	760705	4998654	5371	4384754
22184	617645	5011110	5371	4384754
22184	665005	5015004	6835	4384510
22184	621215	5001384	6835	4384510
22184	622510	4977636	6835	4384510
22184	824285	4957002	6835	4384510
22184	626405	4957392	6835	4384510
22184	749350	5005662	6835	4384510
22184	670520	4935984	6835	4384510
22184	869375	4979580	6835	4384510
22184	849260	4918464	6835	4384510
22184	872295	4935984	6835	4384510
22184	983560	4894722	6835	4384510
22184	835640	4922748	6835	4384510
22184	855100	4931700	6835	4384510
22184	682525	5004498	6835	4384510
22184	997510	4987368	6835	4384510
22184	608235	5009946	6835	4384510
22184	632890	5002158	6835	4384510
22184	635810	4885380	6835	4384510
22184	643270	4995930	6835	4384510
22184	939120	4918464	6835	4384510
22184	1036760	4948830	6835	4384510
22184	1010485	4804800	7812	4384998
22184	920630	4803630	7812	4384998
22184	751620	4815696	7812	4384998
22184	965720	4982694	7812	4384998
22184	1112670	4840614	7812	4384998
22184	1057525	4864746	7812	4384998
22184	989725	4797792	7812	4384998
22184	795090	4830102	7812	4384998
22184	802875	4825428	7812	4384998
22184	892080	4927806	7812	4384998
22184	859320	4906008	7812	4384998
22184	822660	4862802	7812	4384998
22184	931010	4917300	7812	4384998
22184	612780	5006442	7812	4384998
22184	612780	5017728	7812	4384998
22184	758430	4988922	7812	4384998
22184	762975	4990482	7812	4384998
22184	645220	5005272	7812	4384998
22184	612455	5006052	7812	4384998
22184	617970	4953888	7812	4384998
22184	653650	5003328	7812	4384998
22184	621215	5011110	7812	4384998
22184	859320	4935594	7812	4384998
22184	584555	5006442	4882	4384998
22184	625755	5005272	4882	4384998
22184	915115	4937538	4882	4384998
22184	875540	4917300	4882	4384998
22184	883325	4931700	4882	4384998
22184	910575	4946106	4882	4384998
22184	1006270	4959342	4882	4384998
22184	906030	4930536	4882	4384998
22184	1051685	4985418	4882	4384998
22184	675385	5005662	4882	4384998
22184	1153870	4819200	4882	4384998
22184	1197335	4814142	4882	4384998
22184	817145	4950774	4882	4384998
22184	657870	5001384	4882	4384998
22184	932305	4869420	4882	4384998
22184	425925	4782612	4882	4384998
22184	921600	4759644	4882	4384998
22184	684470	4959342	4882	4384998
22184	750000	5004108	4882	4384998
22184	709775	4873308	4882	4384998
22184	1045520	4966344	6835	4384510
22184	630945	4807134	6835	4384510
22184	1145760	4862802	6835	4384510
22184	1175605	4943382	6835	4384510
22184	892080	4900170	6835	4384510
22184	883000	4938708	6835	4384510
22184	953070	4872144	6835	4384510
22184	781790	4963230	6835	4384510
22184	677335	4993986	6835	4384510
22184	776920	4958562	6835	4384510
22184	724370	4984644	6835	4384510
22184	659165	5000994	6835	4384510
22184	580340	5012670	6835	4384510
22184	671495	5005662	6835	4384510
22184	630295	4972188	6835	4384510
22184	725670	5003718	6835	4384510
22184	823310	4944546	6835	4384510
22184	611155	5015784	6835	4384510
22184	784060	5015394	6835	4384510
22184	858995	4961676	6835	4384510
22184	858020	4944156	6835	4384510
22184	722750	4991652	6347	4384998
22184	880080	4924302	6347	4384998
22184	716585	4925862	6347	4384998
22184	810985	4998264	6347	4384998
22184	990050	4869030	6347	4384998
22184	1062065	4867470	6347	4384998
22184	666955	4995540	6347	4384998
22184	887215	4981920	6347	4384998
22184	1032220	4867080	6347	4384998
22184	937500	4975302	6347	4384998
22184	602720	4903284	6347	4384998
22184	871320	4904064	6347	4384998
22184	922250	4878372	6347	4384998
22184	885920	4925472	6347	4384998
22184	726315	4995540	6347	4384998
22184	697120	5007222	6347	4384998
22184	1126620	5003718	6347	4384998
22184	977075	4913406	6347	4384998
22184	1130510	4836330	6347	4384998
22184	686740	4929756	6347	4384998
22184	815850	4826988	6347	4384998
22184	960205	4895886	4882	4384998
22184	859320	4887714	4882	4384998
22184	978695	4868640	4882	4384998
22184	1008865	4960116	4882	4384998
22184	701985	5004498	4882	4384998
22184	606290	5013060	4882	4384998
22184	723075	5003328	4882	4384998
22184	617645	5016174	4882	4384998
22184	647490	4976466	4882	4384998
22184	732805	4984644	4882	4384998
22184	742535	5015784	4882	4384998
22184	621535	5007996	4882	4384998
22184	625755	4993986	4882	4384998
22184	824610	5006052	4882	4384998
22184	622510	4969848	4882	4384998
22184	752270	5009556	4882	4384998
22184	593965	5007996	4882	4384998
22184	834990	4944936	4882	4384998
22184	727290	4923528	4882	4384998
22184	728265	5002938	4882	4384998
22184	871645	4920414	4882	4384998
22184	865480	4928586	4882	4385242
22184	641650	4887714	4882	4385242
22184	969290	4869030	4882	4385242
22184	632565	4999044	4882	4385242
22184	1018595	4852680	4882	4385242
22184	973180	4879152	4882	4385242
22184	621215	5007612	4882	4385242
22184	896625	4931310	4882	4385242
22184	651055	4921188	4882	4385242
22184	963125	4868640	4882	4385242
22184	929065	4828932	4882	4385242
22184	769785	4846842	4882	4385242
22184	1007890	4964400	4882	4385242
22184	1048765	4950384	4882	4385242
22184	773030	4996710	4882	4385242
22184	1186955	4987758	4882	4385242
22184	827205	4942602	4882	4385242
22184	1191825	4937538	4882	4385242
22184	907330	4888494	4882	4385242
22184	831095	4921968	4882	4385242
22184	920955	4897446	4882	4385242
22184	759405	5000214	5859	4384998
22184	630620	5009946	5859	4384998
22184	737345	4983084	5859	4384998
22184	651055	4963230	5859	4384998
22184	719830	4980360	5859	4384998
22184	708150	5003718	5859	4384998
22184	601100	4997100	5859	4384998
22184	629000	5013840	5859	4384998
22184	583585	5002548	5859	4384998
22184	886570	4932870	5859	4384998
22184	759405	5012670	5859	4384998
22184	614075	5006052	5859	4384998
22184	621860	5015394	5859	4384998
22184	889485	4930536	5859	4384998
22184	884620	4931310	5859	4384998
22184	922575	4904454	5859	4384998
22184	988425	4894722	5859	4384998
22184	937175	4920414	5859	4384998
22184	973830	4907178	5859	4384998
22184	662410	5004882	5859	4384998
22184	618295	4864356	5859	4384998
22184	1124675	4846062	5859	4384998
22184	608235	4866306	5859	4384998
22184	653650	4994766	4882	4384998
22184	964420	4883820	4882	4384998
22184	683495	5002548	4882	4384998
22184	1173980	4928196	4882	4384998
22184	973830	4921968	4882	4384998
22184	862560	4942212	4882	4384998
22184	804170	4972188	4882	4384998
22184	728265	4869420	4882	4384998
22184	698420	4846062	4882	4384998
22184	1080230	4981920	4882	4384998
22184	1180795	4941042	4882	4384998
22184	913170	4798956	4882	4384998
22184	777895	4920804	4882	4384998
22184	944635	4920804	4882	4384998
22184	1003350	4934034	4882	4384998
22184	1052335	4874088	4882	4384998
22184	616995	5005662	4882	4384998
22184	726965	4970238	4882	4384998
22184	619265	5017344	4882	4384998
22184	739615	4993986	4882	4384998
22184	704905	5007222	4882	4384754
22184	652680	5018118	4882	4384754
22184	746755	5002938	4882	4384754
22184	590720	5007996	4882	4384754
22184	813580	4907958	4882	4384754
22184	740915	5004498	4882	4384754
22184	602720	4990872	4882	4384754
22184	611480	5016564	4882	4384754
22184	742535	4982694	4882	4384754
22184	861265	4932480	4882	4384754
22184	882675	4940268	4882	4384754
22184	884295	4931310	4882	4384754
22184	981940	4982304	4882	4384754
22184	895650	4922358	4882	4384754
22184	915765	4932090	4882	4384754
22184	770760	4986198	4882	4384754
22184	959230	4972188	4882	4384754
22184	1077635	4844502	4882	4384754
22184	1015350	4851510	4882	4384754
22184	665655	4995150	4882	4384754
22184	950475	5000994	4882	4384754
22184	879430	5011500	4882	4384754
22184	437930	5018508	6347	4384754
22184	812605	4876038	6347	4384754
22184	741565	4945716	6347	4384754
22184	1066280	4968294	6347	4384754
22184	706855	5004498	6347	4384754
22184	646190	4846842	6347	4384754
22184	1098075	4909902	6347	4384754
22184	800925	4921968	6347	4384754
22184	934255	4807914	6347	4384754
22184	897275	4916520	6347	4384754
22184	800605	4915740	6347	4384754
22184	930685	4908342	6347	4384754
22184	643920	5004498	6347	4384754
22184	749025	4981140	6347	4384754
22184	628350	5006442	6347	4384754
22184	619590	4999434	6347	4384754
22184	635485	5008776	6347	4384754
22184	622835	5006442	6347	4384754
22184	742210	5013840	6347	4384754
22184	592665	5007222	6347	4384754
22184	718855	4938708	4882	4384266
22184	629645	5011500	4882	4384266
22184	609535	5007612	4882	4384266
22184	622510	4957782	4882	4384266
22184	757460	5005662	4882	4384266
22184	743835	4937928	4882	4384266
22184	889165	4963230	4882	4384266
22184	865160	4964400	4882	4384266
22184	704580	5006052	4882	4384266
22184	933930	4934034	4882	4384266
22184	651705	4897056	4882	4384266
22184	968315	4878372	4882	4384266
22184	999780	4869420	4882	4384266
22184	1089640	4847226	4882	4384266
22184	1028975	4864356	4882	4384266
22184	663060	4997880	4882	4384266
22184	870670	4985418	4882	4384266
22184	859320	4930920	4882	4384266
22184	582935	5003718	4882	4384266
22184	1033195	4909122	4882	4384266
22184	1181120	4957782	4882	4384266
22184	1081530	4980750	7324	4384754
22184	760055	4986198	7324	4384754
22184	852830	4945326	7324	4384754
22184	678305	4960506	7324	4384754
22184	674090	4950774	7324	4384754
22184	825255	4944936	7324	4384754
22184	856075	4946496	7324	4384754
22184	776600	4904064	7324	4384754
22184	929710	4874088	7324	4384754
